UNIX, DHT_HUM(%), DHT_TEMP(C), pH, TDS(ppm), TDS_RAW(ppm), TEMP(C)
1657714069,79.00,26.00,7.56,0.00,0.00,28.31
1657714074,79.00,26.00,7.53,0.00,0.00,28.25
1657714079,80.00,26.00,7.53,0.00,0.00,28.25
1657714084,80.00,26.00,7.53,0.00,0.00,28.19
1657714089,80.00,26.00,7.53,0.00,0.00,28.19
1657714094,81.00,26.00,7.53,0.00,0.00,28.13
1657714099,81.00,26.00,7.53,0.00,0.00,28.13
1657714104,81.00,26.00,7.53,0.00,0.00,28.13
1657714109,81.00,26.00,7.42,0.00,0.00,28.06
1657714114,81.00,26.00,7.34,0.00,0.00,28.00
1657714069,81.00,26.00,7.39,0.00,0.00,27.94
1657714074,82.00,26.00,7.47,0.00,0.00,27.88
1657714079,82.00,26.00,7.47,0.00,0.00,27.81
1657714084,82.00,26.00,7.47,64.55,67.95,27.75
1657714089,82.00,26.00,7.47,64.55,67.95,27.75
1657714094,82.00,27.00,7.47,3.96,4.17,27.75
1657714099,82.00,27.00,8.27,3.94,4.17,27.94
1657714104,82.00,27.00,7.94,49.74,52.50,27.88
1657714109,82.00,27.00,7.80,49.79,52.50,27.81
1657714114,82.00,27.00,7.75,49.85,52.50,27.75
1657714119,82.00,27.00,7.69,49.85,52.50,27.75
1657714124,82.00,27.00,7.64,49.85,52.50,27.75
1657714069,78.00,28.00,7.67,0.00,0.00,26.56
1657714074,78.00,28.00,7.72,0.00,0.00,26.56
1657714079,78.00,28.00,7.75,0.00,0.00,26.63
1657714084,78.00,28.00,7.75,0.00,0.00,26.69
1657714089,77.00,28.00,7.69,0.00,0.00,27.44
1657714094,78.00,28.00,7.83,42.49,44.66,27.63
1657714099,78.00,28.00,7.80,40.61,42.68,27.63
1657714104,78.00,28.00,7.80,40.61,42.68,27.63
1657714109,78.00,28.00,7.80,40.61,42.68,27.63
1657714114,78.00,28.00,7.86,42.44,44.66,27.69
1657714119,78.00,28.00,7.83,42.39,44.66,27.75
1657714124,78.00,28.00,7.83,42.35,44.66,27.81
1657714129,78.00,29.00,7.83,42.35,44.66,27.81
1657714130,78.00,29.00,7.83,42.35,44.66,27.81
1657714135,78.00,29.00,7.83,40.47,42.68,27.81
1657714140,78.00,29.00,7.80,47.99,50.55,27.75
1657714145,78.00,29.00,7.83,47.99,50.55,27.75
1657714150,78.00,29.00,7.83,47.99,50.55,27.75
1657714155,78.00,29.00,7.83,3.96,4.17,27.75
1657714160,78.00,29.00,7.80,11.81,12.45,27.75
1657714165,78.00,29.00,7.80,34.86,36.74,27.75
1657714170,78.00,29.00,7.78,38.64,40.71,27.75
1657714175,78.00,29.00,7.78,49.85,52.50,27.75
1657714180,78.00,29.00,7.78,47.99,50.55,27.75
1657714185,77.00,29.00,7.78,47.94,50.55,27.81
1657714190,77.00,29.00,7.78,49.79,52.50,27.81
1657714195,76.00,29.00,7.78,49.79,52.50,27.81
1657714196,76.00,29.00,7.78,49.79,52.50,27.81
1657714201,76.00,29.00,7.75,49.85,52.50,27.75
1657714206,75.00,29.00,7.78,49.79,52.50,27.81
1657714211,75.00,29.00,7.75,49.79,52.50,27.81
1657714216,75.00,29.00,7.75,49.85,52.50,27.75
1657714221,75.00,29.00,7.75,0.00,0.00,27.75
1657714226,75.00,29.00,7.72,13.74,14.51,27.81
1657714231,74.00,29.00,7.75,23.40,24.69,27.81
1657714236,74.00,29.00,7.75,1.98,2.09,27.81
1657714241,74.00,29.00,7.75,17.62,18.60,27.81
1657714246,74.00,29.00,7.75,19.55,20.64,27.81
1657714251,74.00,29.00,7.78,25.32,26.71,27.81
1657714256,74.00,29.00,7.78,15.68,16.55,27.81
1657714261,74.00,30.00,7.78,46.08,48.59,27.81
1657714262,74.00,30.00,7.78,46.08,48.59,27.81
1657714267,74.00,30.00,7.75,19.55,20.64,27.81
1657714272,74.00,30.00,7.80,5.93,6.25,27.69
1657714277,74.00,30.00,7.78,7.91,8.32,27.63
1657714282,74.00,30.00,7.78,5.95,6.25,27.56
1657714287,74.00,30.00,7.78,5.95,6.25,27.56
1657714292,74.00,30.00,7.78,5.95,6.25,27.56
1657714297,74.00,30.00,7.80,25.40,26.71,27.63
1657714302,74.00,30.00,7.80,29.20,30.74,27.69
1657714307,74.00,30.00,7.80,42.49,44.66,27.63
1657714312,74.00,30.00,7.83,44.42,46.63,27.56
1657714317,73.00,30.00,7.80,44.42,46.63,27.56
1657714322,73.00,30.00,7.80,44.42,46.63,27.56
1657714327,73.00,30.00,7.83,44.37,46.63,27.63
1657714328,73.00,30.00,7.80,44.37,46.63,27.63
1657714333,72.00,30.00,7.75,19.62,20.64,27.63
1657714337,72.00,30.00,7.75,33.05,34.74,27.63
1657714342,72.00,30.00,7.78,36.80,38.72,27.69
1657714347,72.00,30.00,7.78,0.00,0.00,27.69
1657714352,72.00,30.00,7.78,0.00,0.00,27.63
1657714357,72.00,30.00,7.75,0.00,0.00,27.56
1657714362,72.00,30.00,7.75,0.00,0.00,27.56
1657714367,72.00,30.00,7.75,0.00,0.00,27.56
1657714372,72.00,30.00,7.72,7.92,8.32,27.56
1657714377,72.00,30.00,7.75,7.92,8.32,27.56
1657714382,72.00,30.00,7.75,7.92,8.32,27.56
1657714387,72.00,30.00,7.75,7.92,8.32,27.56
1657714393,73.00,30.00,7.75,7.92,8.32,27.56
1657714398,73.00,30.00,7.72,9.88,10.39,27.63
1657714403,73.00,30.00,7.69,9.89,10.39,27.56
1657714408,73.00,30.00,7.75,13.81,14.51,27.56
1657714413,73.00,30.00,7.69,9.89,10.39,27.56
1657714418,73.00,30.00,7.72,11.85,12.45,27.56
1657714423,72.00,30.00,7.72,9.89,10.39,27.56
1657714428,72.00,30.00,7.75,7.93,8.32,27.50
1657714433,72.00,30.00,7.75,11.85,12.45,27.56
1657714438,72.00,30.00,7.80,9.89,10.39,27.56
1657714443,72.00,30.00,7.78,7.92,8.32,27.56
1657714448,72.00,30.00,7.72,7.92,8.32,27.56
1657714453,72.00,30.00,7.72,7.92,8.32,27.56
1657714458,72.00,30.00,7.75,7.92,8.32,27.56
1657714459,72.00,30.00,7.72,7.92,8.32,27.56
1657714464,72.00,30.00,7.72,5.95,6.25,27.56
1657714469,72.00,30.00,7.75,7.91,8.32,27.63
1657714474,72.00,30.00,7.75,9.86,10.39,27.69
1657714479,72.00,30.00,7.78,7.90,8.32,27.69
1657714484,72.00,30.00,7.78,9.86,10.39,27.69
1657714489,72.00,30.00,7.78,7.90,8.32,27.69
1657714494,73.00,30.00,7.78,9.86,10.39,27.69
1657714499,73.00,30.00,7.78,9.88,10.39,27.63
1657714504,73.00,30.00,7.72,7.91,8.32,27.63
1657714509,73.00,30.00,7.75,9.88,10.39,27.63
1657714514,73.00,30.00,7.72,7.90,8.32,27.69
1657714519,73.00,30.00,7.75,1.99,2.09,27.63
1657714524,73.00,30.00,7.78,0.00,0.00,27.63
1657714524,73.00,30.00,7.78,0.00,0.00,27.63
1657714529,73.00,30.00,7.78,1.99,2.09,27.63
1657714534,73.00,30.00,7.78,5.95,6.25,27.56
1657714540,73.00,30.00,7.78,33.01,34.74,27.69
1657714545,73.00,30.00,7.80,7.90,8.32,27.69
1657714550,73.00,30.00,7.80,0.00,0.00,27.69
1657714555,73.00,30.00,7.78,3.96,4.17,27.69
1657714560,73.00,30.00,7.78,29.17,30.74,27.75
1657714565,73.00,30.00,7.78,11.79,12.45,27.81
1657714570,73.00,30.00,7.78,49.79,52.50,27.81
1657714575,73.00,30.00,7.78,21.45,22.67,27.88
1657714580,73.00,30.00,7.78,46.03,48.59,27.88
1657714585,73.00,30.00,7.75,36.71,38.72,27.81
1657714590,73.00,30.00,7.75,51.64,54.45,27.81
1657714590,73.00,30.00,7.75,51.64,54.45,27.81
1657714595,73.00,30.00,7.75,49.74,52.50,27.88
1657714600,73.00,30.00,7.75,49.79,52.50,27.81
1657714605,73.00,30.00,7.75,51.59,54.45,27.88
1657714610,74.00,30.00,7.75,49.74,52.50,27.88
1657714615,74.00,30.00,7.75,51.59,54.45,27.88
1657714620,74.00,30.00,7.78,49.74,52.50,27.88
1657714625,74.00,30.00,7.75,49.74,52.50,27.88
1657714630,74.00,30.00,7.78,49.74,52.50,27.88
1657714635,74.00,30.00,7.75,49.68,52.50,27.94
1657714640,74.00,30.00,7.75,49.68,52.50,27.94
1657714645,74.00,30.00,7.72,51.59,54.45,27.88
1657714650,74.00,30.00,7.75,49.68,52.50,27.94
1657714655,74.00,30.00,7.72,49.68,52.50,27.94
1657714660,74.00,30.00,7.72,49.62,52.50,28.00
1657714665,74.00,30.00,7.72,51.53,54.45,27.94
1657714670,74.00,30.00,7.69,36.63,38.72,27.94
1657714675,74.00,30.00,7.69,49.74,52.50,27.88
1657714680,74.00,30.00,7.72,49.74,52.50,27.88
1657714685,74.00,30.00,7.72,49.68,52.50,27.94
1657714690,74.00,30.00,7.75,49.68,52.50,27.94
1657714695,74.00,30.00,7.75,49.68,52.50,27.94
1657714700,73.00,30.00,7.75,49.68,52.50,27.94
1657714705,73.00,30.00,7.75,49.68,52.50,27.94
1657714710,73.00,30.00,7.75,49.68,52.50,27.94
1657714715,73.00,30.00,7.72,49.74,52.50,27.88
1657714720,73.00,30.00,7.75,49.74,52.50,27.88
1657714721,73.00,30.00,7.72,49.74,52.50,27.88
1657714726,74.00,30.00,7.72,49.74,52.50,27.88
1657714731,74.00,30.00,7.72,49.74,52.50,27.88
1657714736,74.00,30.00,7.75,49.68,52.50,27.94
1657714741,74.00,30.00,7.72,49.68,52.50,27.94
1657714746,74.00,30.00,7.69,49.68,52.50,27.94
1657714751,74.00,30.00,7.75,49.62,52.50,28.00
1657714756,74.00,30.00,7.75,49.62,52.50,28.00
1657714761,74.00,30.00,7.75,47.77,50.55,28.00
1657714766,74.00,30.00,7.72,49.62,52.50,28.00
1657714771,74.00,30.00,7.72,49.62,52.50,28.00
1657714776,74.00,30.00,7.72,49.62,52.50,28.00
1657714781,74.00,30.00,7.72,49.62,52.50,28.00
1657714786,74.00,30.00,7.72,49.62,52.50,28.00
1657714787,74.00,30.00,7.75,49.62,52.50,28.00
1657714792,75.00,30.00,7.72,51.47,54.45,28.00
1657714797,75.00,30.00,7.72,49.62,52.50,28.00
1657714802,75.00,30.00,7.72,49.62,52.50,28.00
1657714807,75.00,30.00,7.75,49.62,52.50,28.00
1657714812,75.00,30.00,7.72,34.70,36.74,28.00
1657714817,75.00,30.00,7.72,49.68,52.50,27.94
1657714822,75.00,30.00,7.72,49.68,52.50,27.94
1657714827,75.00,30.00,7.72,49.68,52.50,27.94
1657714832,75.00,30.00,7.75,42.25,44.66,27.94
1657714837,75.00,30.00,7.75,47.77,50.55,28.00
1657714842,75.00,30.00,7.75,44.11,46.63,27.94
1657714847,75.00,30.00,7.72,47.83,50.55,27.94
1657714852,75.00,30.00,7.75,49.68,52.50,27.94
1657714853,75.00,30.00,7.72,49.68,52.50,27.94
1657714858,75.00,30.00,7.75,49.74,52.50,27.88
1657714863,75.00,30.00,7.75,49.74,52.50,27.88
1657714868,75.00,30.00,7.75,47.88,50.55,27.88
1657714873,75.00,30.00,7.75,47.83,50.55,27.94
1657714878,75.00,30.00,7.72,49.68,52.50,27.94
1657714883,74.00,30.00,7.75,49.68,52.50,27.94
1657714888,74.00,30.00,7.75,47.83,50.55,27.94
1657714893,74.00,30.00,7.75,42.25,44.66,27.94
1657714898,74.00,30.00,7.75,49.68,52.50,27.94
1657714903,74.00,30.00,7.72,49.68,52.50,27.94
1657714908,74.00,30.00,7.69,49.68,52.50,27.94
1657714913,74.00,30.00,7.75,47.83,50.55,27.94
1657714918,74.00,30.00,7.78,47.83,50.55,27.94
1657714923,73.00,30.00,7.75,49.68,52.50,27.94
1657714928,73.00,30.00,7.72,38.51,40.71,27.94
1657714933,73.00,30.00,7.78,49.68,52.50,27.94
1657714938,73.00,30.00,7.75,49.68,52.50,27.94
1657714943,73.00,30.00,7.72,49.62,52.50,28.00
1657714948,73.00,30.00,7.75,47.77,50.55,28.00
1657714953,73.00,30.00,7.75,32.86,34.74,27.94
1657714958,73.00,30.00,7.72,44.11,46.63,27.94
1657714963,73.00,30.00,7.72,49.62,52.50,28.00
1657714968,73.00,30.00,7.75,49.68,52.50,27.94
1657714973,73.00,30.00,7.75,49.68,52.50,27.94
1657714978,73.00,30.00,7.75,49.68,52.50,27.94
1657714983,73.00,30.00,7.72,49.62,52.50,28.00
1657714984,73.00,30.00,7.72,49.62,52.50,28.00
1657714989,73.00,30.00,7.75,49.62,52.50,28.00
1657714994,73.00,30.00,7.72,49.68,52.50,27.94
1657714999,73.00,30.00,7.75,49.62,52.50,28.00
1657715004,73.00,30.00,7.72,49.62,52.50,28.00
1657715009,73.00,30.00,7.69,49.62,52.50,28.00
1657715014,73.00,30.00,7.67,49.62,52.50,28.00
1657715019,73.00,30.00,7.72,49.68,52.50,27.94
1657715024,73.00,30.00,7.72,49.68,52.50,27.94
1657715029,73.00,30.00,7.72,49.68,52.50,27.94
1657715034,73.00,30.00,7.75,49.74,52.50,27.88
1657715039,73.00,30.00,7.75,49.74,52.50,27.88
1657715044,73.00,30.00,7.75,49.79,52.50,27.81
1657715049,73.00,30.00,7.72,49.79,52.50,27.81
1657715049,73.00,30.00,7.75,49.79,52.50,27.81
1657715054,73.00,30.00,7.78,49.79,52.50,27.81
1657715059,73.00,30.00,7.78,49.79,52.50,27.81
1657715065,73.00,30.00,7.75,49.79,52.50,27.81
1657715070,73.00,30.00,7.72,49.79,52.50,27.81
1657715075,73.00,30.00,7.72,49.79,52.50,27.81
1657715080,73.00,30.00,7.69,49.74,52.50,27.88
1657715085,73.00,30.00,7.69,49.74,52.50,27.88
1657715090,73.00,30.00,7.69,49.74,52.50,27.88
1657715095,73.00,30.00,7.72,49.74,52.50,27.88
1657715100,73.00,30.00,7.78,49.74,52.50,27.88
1657715105,73.00,30.00,7.78,49.74,52.50,27.88
1657715110,73.00,30.00,7.78,49.74,52.50,27.88
1657715115,73.00,30.00,7.78,49.79,52.50,27.81
1657715115,73.00,30.00,7.75,49.79,52.50,27.81
1657715120,73.00,30.00,7.75,49.79,52.50,27.81
1657715125,73.00,30.00,7.78,49.79,52.50,27.81
1657715130,73.00,30.00,7.75,49.79,52.50,27.81
1657715135,73.00,30.00,7.75,49.79,52.50,27.81
1657715140,73.00,30.00,7.75,49.79,52.50,27.81
1657715145,73.00,30.00,7.75,49.79,52.50,27.81
1657715150,73.00,30.00,7.75,49.85,52.50,27.75
1657715155,72.00,30.00,7.75,49.85,52.50,27.75
1657715160,72.00,30.00,7.75,49.85,52.50,27.75
1657715165,72.00,31.00,7.75,49.85,52.50,27.75
1657715170,72.00,31.00,7.72,49.85,52.50,27.75
1657715175,71.00,31.00,7.72,49.85,52.50,27.75
1657715180,71.00,31.00,7.78,49.85,52.50,27.75
1657715185,71.00,31.00,7.72,49.85,52.50,27.75
1657715190,71.00,31.00,7.75,49.85,52.50,27.75
1657715195,71.00,31.00,7.78,49.85,52.50,27.75
1657715200,71.00,31.00,7.75,49.85,52.50,27.75
1657715205,71.00,31.00,7.75,49.85,52.50,27.75
1657715210,70.00,31.00,7.72,49.85,52.50,27.75
1657715215,70.00,31.00,7.72,49.85,52.50,27.75
1657715220,70.00,31.00,7.72,49.85,52.50,27.75
1657715225,70.00,31.00,7.75,49.85,52.50,27.75
1657715230,70.00,31.00,7.75,49.85,52.50,27.75
1657715235,70.00,31.00,7.75,49.85,52.50,27.75
1657715240,70.00,31.00,7.72,49.85,52.50,27.75
1657715245,70.00,31.00,7.75,49.85,52.50,27.75
1657715246,69.00,31.00,7.75,49.85,52.50,27.75
1657715251,69.00,31.00,7.75,49.85,52.50,27.75
1657715256,69.00,31.00,7.72,49.79,52.50,27.81
1657715261,69.00,31.00,7.69,49.85,52.50,27.75
1657715266,69.00,31.00,7.69,49.85,52.50,27.75
1657715271,69.00,31.00,7.69,49.85,52.50,27.75
1657715276,69.00,31.00,7.67,49.91,52.50,27.69
1657715281,69.00,31.00,7.64,49.91,52.50,27.69
1657715286,69.00,31.00,7.61,49.97,52.50,27.63
1657715291,69.00,31.00,7.64,49.85,52.50,27.75
1657715296,69.00,31.00,7.67,49.85,52.50,27.75
1657715301,69.00,31.00,7.61,49.85,52.50,27.75
1657715306,69.00,31.00,7.64,49.85,52.50,27.75
1657715311,69.00,31.00,7.67,49.79,52.50,27.81
1657715312,69.00,31.00,7.69,49.79,52.50,27.81
1657715317,69.00,31.00,7.69,49.79,52.50,27.81
1657715322,70.00,31.00,7.69,49.79,52.50,27.81
1657715327,70.00,31.00,7.69,49.79,52.50,27.81
1657715332,70.00,31.00,7.69,49.85,52.50,27.75
1657715337,70.00,31.00,7.72,49.85,52.50,27.75
1657715342,70.00,31.00,7.72,49.79,52.50,27.81
1657715347,70.00,31.00,7.69,49.79,52.50,27.81
1657715352,70.00,31.00,7.72,49.79,52.50,27.81
1657715357,70.00,31.00,7.72,49.79,52.50,27.81
1657715362,70.00,31.00,7.75,49.79,52.50,27.81
1657715367,70.00,31.00,7.75,49.79,52.50,27.81
1657715372,70.00,31.00,7.78,49.79,52.50,27.81
1657715377,70.00,31.00,7.75,49.79,52.50,27.81
1657715378,70.00,31.00,7.75,49.79,52.50,27.81
1657715383,70.00,31.00,7.75,49.85,52.50,27.75
1657715388,70.00,31.00,7.75,49.85,52.50,27.75
1657715393,70.00,31.00,7.75,49.85,52.50,27.75
1657715398,71.00,31.00,7.75,49.85,52.50,27.75
1657715403,70.00,31.00,7.75,49.85,52.50,27.75
1657715408,70.00,31.00,7.72,49.85,52.50,27.75
1657715413,70.00,31.00,7.72,49.91,52.50,27.69
1657715418,71.00,31.00,7.72,53.67,56.39,27.63
1657715423,71.00,31.00,7.72,51.88,54.45,27.56
1657715428,71.00,31.00,7.72,52.00,54.45,27.44
1657715433,71.00,31.00,7.72,52.00,54.45,27.44
1657715438,70.00,31.00,7.72,52.00,54.45,27.44
1657715443,69.00,31.00,7.69,50.08,52.50,27.50
1657715448,69.00,31.00,7.69,49.97,52.50,27.63
1657715453,69.00,31.00,7.72,49.97,52.50,27.63
1657715458,69.00,31.00,7.69,52.00,54.45,27.44
1657715463,69.00,31.00,7.75,52.06,54.45,27.38
1657715468,69.00,31.00,7.75,52.12,54.45,27.31
1657715473,69.00,31.00,7.75,50.25,52.50,27.31
1657715478,69.00,31.00,7.78,52.12,54.45,27.31
1657715483,69.00,31.00,7.72,50.25,52.50,27.31
1657715488,69.00,31.00,7.75,53.92,56.39,27.38
1657715493,69.00,30.00,7.75,53.92,56.39,27.38
1657715498,69.00,30.00,7.72,52.12,54.45,27.31
1657715503,69.00,30.00,7.75,57.70,60.26,27.31
1657715508,69.00,30.00,7.75,53.98,56.39,27.31
1657715509,69.00,30.00,7.75,53.98,56.39,27.31
1657715514,69.00,30.00,7.72,59.55,62.19,27.31
1657715519,69.00,30.00,7.75,52.12,54.45,27.31
1657715524,69.00,30.00,7.75,46.51,48.59,27.31
1657715529,69.00,30.00,7.75,53.98,56.39,27.31
1657715534,69.00,30.00,7.72,52.18,54.45,27.25
1657715539,69.00,30.00,7.72,52.18,54.45,27.25
1657715544,69.00,30.00,7.75,52.18,54.45,27.25
1657715549,69.00,30.00,7.75,52.18,54.45,27.25
1657715554,69.00,30.00,7.75,50.31,52.50,27.25
1657715559,69.00,30.00,7.75,52.18,54.45,27.25
1657715564,69.00,30.00,7.72,50.20,52.50,27.38
1657715569,69.00,30.00,7.72,50.14,52.50,27.44
1657715574,69.00,30.00,7.72,50.14,52.50,27.44
1657715574,69.00,30.00,7.72,50.08,52.50,27.50
1657715579,69.00,30.00,7.75,50.08,52.50,27.50
1657715585,69.00,30.00,7.72,50.08,52.50,27.50
1657715590,69.00,30.00,7.75,50.02,52.50,27.56
1657715595,69.00,30.00,7.72,50.02,52.50,27.56
1657715600,68.00,31.00,7.72,50.02,52.50,27.56
1657715605,68.00,30.00,7.69,49.97,52.50,27.63
1657715610,67.00,30.00,7.69,49.97,52.50,27.63
1657715615,67.00,30.00,7.75,49.91,52.50,27.69
1657715620,67.00,30.00,7.75,51.94,54.45,27.50
1657715625,67.00,30.00,7.75,51.94,54.45,27.50
1657715630,67.00,30.00,7.78,35.07,36.74,27.44
1657715635,67.00,30.00,7.78,50.14,52.50,27.44
1657715640,67.00,30.00,7.78,51.94,54.45,27.50
1657715640,67.00,30.00,7.75,51.94,54.45,27.50
1657715645,67.00,30.00,7.75,51.94,54.45,27.50
1657715650,67.00,30.00,7.78,52.00,54.45,27.44
1657715655,67.00,30.00,7.75,53.86,56.39,27.44
1657715660,67.00,30.00,7.78,52.00,54.45,27.44
1657715665,67.00,30.00,7.78,52.00,54.45,27.44
1657715670,67.00,30.00,7.75,50.14,52.50,27.44
1657715675,67.00,30.00,7.78,52.00,54.45,27.44
1657715680,67.00,30.00,7.78,52.06,54.45,27.38
1657715685,67.00,30.00,7.75,50.20,52.50,27.38
1657715690,67.00,30.00,7.75,50.20,52.50,27.38
1657715695,67.00,30.00,7.72,52.06,54.45,27.38
1657715700,67.00,30.00,7.75,50.14,52.50,27.44
1657715705,67.00,30.00,7.72,50.20,52.50,27.38
1657715710,67.00,30.00,7.72,52.06,54.45,27.38
1657715715,67.00,30.00,7.69,52.06,54.45,27.38
1657715720,67.00,30.00,7.69,52.06,54.45,27.38
1657715725,67.00,30.00,7.67,52.06,54.45,27.38
1657715730,66.00,30.00,7.69,50.20,52.50,27.38
1657715735,66.00,30.00,7.67,50.25,52.50,27.31
1657715740,66.00,30.00,7.64,50.25,52.50,27.31
1657715745,65.00,30.00,7.64,52.12,54.45,27.31
1657715750,65.00,30.00,7.61,50.25,52.50,27.31
1657715755,65.00,30.00,7.67,50.25,52.50,27.31
1657715760,65.00,30.00,7.69,50.31,52.50,27.25
1657715765,65.00,30.00,7.72,52.24,54.45,27.19
1657715770,65.00,30.00,7.72,50.37,52.50,27.19
1657715771,65.00,30.00,7.69,50.37,52.50,27.19
1657715776,66.00,30.00,7.75,50.37,52.50,27.19
1657715781,66.00,30.00,7.75,50.43,52.50,27.13
1657715786,66.00,30.00,7.75,52.24,54.45,27.19
1657715791,66.00,30.00,7.75,52.24,54.45,27.19
1657715796,66.00,30.00,7.78,52.24,54.45,27.19
1657715801,66.00,30.00,7.75,52.30,54.45,27.13
1657715806,67.00,30.00,7.75,52.30,54.45,27.13
1657715811,67.00,30.00,7.75,50.31,52.50,27.25
1657715816,67.00,30.00,7.75,50.20,52.50,27.38
1657715821,67.00,30.00,7.75,50.20,52.50,27.38
1657715826,67.00,30.00,7.75,50.14,52.50,27.44
1657715831,67.00,30.00,7.75,50.14,52.50,27.44
1657715836,67.00,30.00,7.75,37.01,38.72,27.38
1657715837,67.00,30.00,7.75,37.01,38.72,27.38
1657715842,67.00,30.00,7.75,50.20,52.50,27.38
1657715847,67.00,30.00,7.75,50.20,52.50,27.38
1657715852,68.00,30.00,7.75,48.27,50.55,27.44
1657715857,68.00,30.00,7.75,50.14,52.50,27.44
1657715862,68.00,30.00,7.72,50.14,52.50,27.44
1657715867,68.00,30.00,7.72,50.14,52.50,27.44
1657715872,69.00,30.00,7.72,50.14,52.50,27.44
1657715877,69.00,30.00,7.72,50.14,52.50,27.44
1657715882,69.00,30.00,7.75,50.20,52.50,27.38
1657715887,69.00,30.00,7.75,50.14,52.50,27.44
1657715892,69.00,30.00,7.75,50.20,52.50,27.38
1657715897,69.00,30.00,7.75,50.20,52.50,27.38
1657715902,69.00,30.00,7.75,50.20,52.50,27.38
1657715903,69.00,30.00,7.75,50.20,52.50,27.38
1657715908,70.00,30.00,7.72,50.20,52.50,27.38
1657715913,70.00,30.00,7.75,50.20,52.50,27.38
1657715918,70.00,30.00,7.75,50.20,52.50,27.38
1657715923,70.00,30.00,7.78,50.20,52.50,27.38
1657715928,70.00,30.00,7.75,50.20,52.50,27.38
1657715933,70.00,30.00,7.75,50.20,52.50,27.38
1657715938,71.00,30.00,7.75,50.20,52.50,27.38
1657715943,71.00,30.00,7.75,50.25,52.50,27.31
1657715948,71.00,29.00,7.72,50.25,52.50,27.31
1657715953,71.00,29.00,7.75,50.25,52.50,27.31
1657715958,71.00,29.00,7.78,50.20,52.50,27.38
1657715963,71.00,29.00,7.75,50.20,52.50,27.38
1657715968,72.00,29.00,7.78,50.14,52.50,27.44
1657715973,72.00,29.00,7.72,50.14,52.50,27.44
1657715978,72.00,29.00,7.72,50.08,52.50,27.50
1657715983,72.00,29.00,7.72,50.02,52.50,27.56
1657715988,72.00,29.00,7.72,50.02,52.50,27.56
1657715993,72.00,29.00,7.72,50.08,52.50,27.50
1657715998,72.00,29.00,7.72,50.02,52.50,27.56
1657716003,72.00,29.00,7.72,50.02,52.50,27.56
1657716008,72.00,29.00,7.72,50.08,52.50,27.50
1657716013,72.00,29.00,7.72,50.08,52.50,27.50
1657716018,72.00,29.00,7.72,50.02,52.50,27.56
1657716023,72.00,29.00,7.69,50.02,52.50,27.56
1657716028,72.00,29.00,7.69,50.02,52.50,27.56
1657716033,73.00,29.00,7.69,50.08,52.50,27.50
1657716034,73.00,29.00,7.69,50.02,52.50,27.56
1657716039,73.00,29.00,7.69,50.08,52.50,27.50
1657716044,73.00,29.00,7.69,50.08,52.50,27.50
1657716049,73.00,29.00,7.69,50.08,52.50,27.50
1657716054,73.00,29.00,7.69,50.08,52.50,27.50
1657716059,73.00,29.00,7.69,50.08,52.50,27.50
1657716064,73.00,29.00,7.72,35.03,36.74,27.50
1657716069,73.00,29.00,7.69,33.16,34.74,27.44
1657716074,73.00,29.00,7.69,40.75,42.68,27.44
1657716079,73.00,29.00,7.72,50.20,52.50,27.38
1657716084,73.00,29.00,7.72,50.20,52.50,27.38
1657716089,73.00,29.00,7.72,50.20,52.50,27.38
1657716094,73.00,29.00,7.72,50.20,52.50,27.38
1657716099,73.00,29.00,7.72,50.20,52.50,27.38
1657716100,73.00,29.00,7.75,50.20,52.50,27.38
1657716105,73.00,29.00,7.75,50.20,52.50,27.38
1657716110,73.00,29.00,7.75,50.25,52.50,27.31
1657716115,73.00,29.00,7.75,50.25,52.50,27.31
1657716120,73.00,29.00,7.75,50.25,52.50,27.31
1657716125,73.00,29.00,7.69,50.25,52.50,27.31
1657716130,73.00,29.00,7.72,50.25,52.50,27.31
1657716135,73.00,29.00,7.72,50.25,52.50,27.31
1657716140,73.00,29.00,7.72,50.14,52.50,27.44
1657716145,73.00,29.00,7.69,50.14,52.50,27.44
1657716150,73.00,29.00,7.72,50.08,52.50,27.50
1657716155,73.00,29.00,7.72,50.02,52.50,27.56
1657716160,73.00,29.00,7.75,49.97,52.50,27.63
1657716165,73.00,29.00,7.75,49.91,52.50,27.69
1657716165,73.00,29.00,7.75,49.91,52.50,27.69
1657716170,73.00,29.00,7.75,49.91,52.50,27.69
1657716175,73.00,29.00,7.75,49.91,52.50,27.69
1657716180,73.00,29.00,7.75,49.97,52.50,27.63
1657716185,73.00,29.00,7.75,49.97,52.50,27.63
1657716190,72.00,29.00,7.75,50.02,52.50,27.56
1657716195,72.00,29.00,7.78,50.02,52.50,27.56
1657716200,72.00,29.00,7.78,50.02,52.50,27.56
1657716205,72.00,29.00,7.78,50.02,52.50,27.56
1657716210,72.00,29.00,7.78,50.02,52.50,27.56
1657716215,72.00,29.00,7.78,50.02,52.50,27.56
1657716220,72.00,29.00,7.78,50.02,52.50,27.56
1657716225,72.00,29.00,7.78,50.02,52.50,27.56
1657716230,72.00,29.00,7.75,50.02,52.50,27.56
1657716235,72.00,29.00,7.78,50.02,52.50,27.56
1657716240,72.00,29.00,7.78,50.02,52.50,27.56
1657716245,72.00,29.00,7.78,50.02,52.50,27.56
1657716250,72.00,29.00,7.75,50.08,52.50,27.50
1657716255,72.00,29.00,7.75,50.14,52.50,27.44
1657716260,71.00,29.00,7.78,50.20,52.50,27.38
1657716265,71.00,29.00,7.75,50.25,52.50,27.31
1657716270,71.00,29.00,7.78,50.31,52.50,27.25
1657716275,71.00,29.00,7.75,50.31,52.50,27.25
1657716280,71.00,29.00,7.78,50.31,52.50,27.25
1657716285,71.00,29.00,7.75,50.31,52.50,27.25
1657716290,71.00,29.00,7.75,50.25,52.50,27.31
1657716295,71.00,29.00,7.72,50.31,52.50,27.25
1657716296,71.00,29.00,7.78,50.31,52.50,27.25
1657716301,71.00,29.00,7.75,50.31,52.50,27.25
1657716306,71.00,29.00,7.75,50.31,52.50,27.25
1657716311,71.00,29.00,7.75,50.25,52.50,27.31
1657716316,71.00,29.00,7.75,50.25,52.50,27.31
1657716321,71.00,29.00,7.72,50.25,52.50,27.31
1657716326,71.00,29.00,7.75,50.25,52.50,27.31
1657716331,70.00,30.00,7.75,50.20,52.50,27.38
1657716336,70.00,30.00,7.75,50.20,52.50,27.38
1657716341,70.00,30.00,7.75,50.20,52.50,27.38
1657716346,70.00,30.00,7.75,50.20,52.50,27.38
1657716351,70.00,30.00,7.75,50.20,52.50,27.38
1657716356,70.00,30.00,7.75,50.20,52.50,27.38
1657716361,70.00,30.00,7.75,50.20,52.50,27.38
1657716362,70.00,30.00,7.75,50.20,52.50,27.38
1657716367,70.00,30.00,7.75,50.20,52.50,27.38
1657716372,69.00,30.00,7.75,50.20,52.50,27.38
1657716377,69.00,30.00,7.75,50.20,52.50,27.38
1657716382,69.00,30.00,7.75,50.20,52.50,27.38
1657716387,69.00,30.00,7.72,50.20,52.50,27.38
1657716392,69.00,30.00,7.72,50.20,52.50,27.38
1657716397,69.00,30.00,7.72,50.20,52.50,27.38
1657716402,69.00,30.00,7.75,52.06,54.45,27.38
1657716407,69.00,30.00,7.72,50.20,52.50,27.38
1657716412,69.00,30.00,7.72,50.25,52.50,27.31
1657716417,69.00,30.00,7.75,50.25,52.50,27.31
1657716422,69.00,30.00,7.75,50.25,52.50,27.31
1657716427,68.00,30.00,7.75,50.25,52.50,27.31
1657716428,68.00,30.00,7.72,50.25,52.50,27.31
1657716433,68.00,30.00,7.72,50.25,52.50,27.31
1657716438,68.00,30.00,7.75,50.25,52.50,27.31
1657716443,68.00,30.00,7.72,50.25,52.50,27.31
1657716448,68.00,30.00,7.72,50.25,52.50,27.31
1657716453,68.00,30.00,7.75,50.25,52.50,27.31
1657716458,68.00,30.00,7.75,50.20,52.50,27.38
1657716463,68.00,30.00,7.75,50.20,52.50,27.38
1657716468,68.00,30.00,7.75,50.14,52.50,27.44
1657716473,68.00,30.00,7.72,50.14,52.50,27.44
1657716478,68.00,30.00,7.75,50.14,52.50,27.44
1657716483,68.00,30.00,7.75,50.14,52.50,27.44
1657716488,68.00,30.00,7.72,50.14,52.50,27.44
1657716493,68.00,30.00,7.75,50.14,52.50,27.44
1657716498,68.00,30.00,7.75,50.14,52.50,27.44
1657716503,68.00,30.00,7.72,50.20,52.50,27.38
1657716508,68.00,30.00,7.75,50.20,52.50,27.38
1657716513,68.00,30.00,7.75,50.20,52.50,27.38
1657716518,68.00,30.00,7.72,50.20,52.50,27.38
1657716523,68.00,30.00,7.75,50.20,52.50,27.38
1657716528,68.00,30.00,7.75,50.25,52.50,27.31
1657716533,67.00,30.00,7.75,50.20,52.50,27.38
1657716538,67.00,30.00,7.75,50.20,52.50,27.38
1657716543,67.00,30.00,7.72,50.25,52.50,27.31
1657716548,67.00,30.00,7.72,50.25,52.50,27.31
1657716553,67.00,30.00,7.75,50.20,52.50,27.38
1657716558,67.00,30.00,7.75,50.20,52.50,27.38
1657716559,67.00,30.00,7.78,50.20,52.50,27.38
1657716564,67.00,30.00,7.75,46.51,48.59,27.31
1657716569,67.00,30.00,7.78,53.98,56.39,27.31
1657716574,68.00,30.00,7.75,54.05,56.39,27.25
1657716579,68.00,30.00,7.75,52.18,54.45,27.25
1657716584,69.00,30.00,7.75,52.12,54.45,27.31
1657716589,69.00,30.00,7.78,52.18,54.45,27.25
1657716594,69.00,30.00,7.78,52.18,54.45,27.25
1657716599,69.00,30.00,7.75,52.18,54.45,27.25
1657716604,69.00,30.00,7.78,52.18,54.45,27.25
1657716609,69.00,30.00,7.78,52.24,54.45,27.19
1657716614,69.00,30.00,7.75,52.24,54.45,27.19
1657716619,69.00,30.00,7.78,52.24,54.45,27.19
1657716624,69.00,30.00,7.75,52.24,54.45,27.19
1657716625,69.00,30.00,7.78,52.24,54.45,27.19
1657716630,69.00,30.00,7.80,42.84,44.66,27.19
1657716635,69.00,30.00,7.78,46.56,48.59,27.25
1657716640,68.00,30.00,7.78,52.12,54.45,27.31
1657716645,69.00,30.00,7.78,53.98,56.39,27.31
1657716650,69.00,30.00,7.78,31.33,32.74,27.31
1657716655,69.00,30.00,7.78,52.12,54.45,27.31
1657716660,69.00,30.00,7.78,52.12,54.45,27.31
1657716665,69.00,30.00,7.78,52.12,54.45,27.31
1657716670,69.00,30.00,7.78,52.12,54.45,27.31
1657716675,69.00,30.00,7.80,52.12,54.45,27.31
1657716680,69.00,30.00,7.78,48.38,50.55,27.31
1657716685,69.00,30.00,7.78,52.12,54.45,27.31
1657716690,69.00,30.00,7.78,53.98,56.39,27.31
1657716690,69.00,30.00,7.78,53.98,56.39,27.31
1657716695,69.00,30.00,7.75,52.12,54.45,27.31
1657716700,68.00,30.00,7.78,52.12,54.45,27.31
1657716705,68.00,30.00,7.75,52.12,54.45,27.31
1657716710,68.00,30.00,7.75,44.62,46.63,27.31
1657716715,68.00,30.00,7.75,52.12,54.45,27.31
1657716720,68.00,30.00,7.75,50.25,52.50,27.31
1657716725,68.00,30.00,7.75,52.18,54.45,27.25
1657716730,67.00,31.00,7.78,50.31,52.50,27.25
1657716735,67.00,31.00,7.75,48.49,50.55,27.19
1657716740,67.00,31.00,7.75,52.18,54.45,27.25
1657716745,67.00,31.00,7.75,50.31,52.50,27.25
1657716750,67.00,31.00,7.75,54.05,56.39,27.25
1657716755,66.00,31.00,7.75,52.18,54.45,27.25
1657716760,65.00,31.00,7.75,44.68,46.63,27.25
1657716765,65.00,31.00,7.75,53.98,56.39,27.31
1657716770,65.00,31.00,7.75,52.18,54.45,27.25
1657716775,64.00,32.00,7.75,50.20,52.50,27.38
1657716780,64.00,32.00,7.72,50.14,52.50,27.44
1657716785,63.00,32.00,7.72,50.14,52.50,27.44
1657716790,62.00,32.00,7.72,50.14,52.50,27.44
1657716795,61.00,32.00,7.72,50.14,52.50,27.44
1657716800,61.00,33.00,7.69,50.08,52.50,27.50
1657716805,60.00,33.00,7.72,50.14,52.50,27.44
1657716810,59.00,33.00,7.72,50.14,52.50,27.44
1657716815,58.00,33.00,7.72,50.08,52.50,27.50
1657716820,58.00,34.00,7.72,50.08,52.50,27.50
1657716821,58.00,34.00,7.72,50.08,52.50,27.50
1657716826,57.00,34.00,7.72,50.08,52.50,27.50
1657716831,56.00,34.00,7.72,50.08,52.50,27.50
1657716836,55.00,34.00,7.72,48.21,50.55,27.50
1657716841,55.00,35.00,7.72,50.08,52.50,27.50
1657716846,54.00,35.00,7.72,48.16,50.55,27.56
1657716851,53.00,35.00,7.72,48.21,50.55,27.50
1657716856,52.00,35.00,7.72,48.16,50.55,27.56
1657716861,52.00,35.00,7.69,48.21,50.55,27.50
1657716866,51.00,36.00,7.72,48.16,50.55,27.56
1657716871,51.00,36.00,7.69,48.21,50.55,27.50
1657716876,50.00,36.00,7.72,48.21,50.55,27.50
1657716881,49.00,36.00,7.72,48.21,50.55,27.50
1657716886,49.00,37.00,7.72,48.21,50.55,27.50
1657716887,48.00,37.00,7.72,48.21,50.55,27.50
1657716892,48.00,37.00,7.72,48.16,50.55,27.56
1657716897,48.00,37.00,7.72,48.16,50.55,27.56
1657716902,47.00,37.00,7.72,48.21,50.55,27.50
1657716907,46.00,37.00,7.72,48.21,50.55,27.50
1657716912,46.00,38.00,7.69,48.16,50.55,27.56
1657716917,45.00,38.00,7.69,48.21,50.55,27.50
1657716922,45.00,38.00,7.72,48.21,50.55,27.50
1657716927,44.00,38.00,7.75,48.21,50.55,27.50
1657716932,43.00,38.00,7.69,46.40,48.59,27.44
1657716937,43.00,38.00,7.72,46.40,48.59,27.44
1657716942,43.00,38.00,7.72,48.27,50.55,27.44
1657716947,42.00,38.00,7.72,48.27,50.55,27.44
1657716952,42.00,38.00,7.72,46.40,48.59,27.44
1657716953,42.00,38.00,7.72,46.40,48.59,27.44
1657716958,42.00,38.00,7.72,46.40,48.59,27.44
1657716963,42.00,38.00,7.72,46.45,48.59,27.38
1657716968,42.00,39.00,7.72,46.51,48.59,27.31
1657716973,42.00,39.00,7.69,46.51,48.59,27.31
1657716978,41.00,39.00,7.72,46.56,48.59,27.25
1657716983,41.00,39.00,7.72,46.56,48.59,27.25
1657716988,41.00,39.00,7.72,44.68,46.63,27.25
1657716993,41.00,39.00,7.72,44.68,46.63,27.25
1657716998,41.00,39.00,7.72,44.68,46.63,27.25
1657717003,41.00,39.00,7.75,44.73,46.63,27.19
1657717008,40.00,39.00,7.72,44.73,46.63,27.19
1657717013,40.00,39.00,7.75,44.73,46.63,27.19
1657717018,40.00,39.00,7.75,44.68,46.63,27.25
1657717023,40.00,39.00,7.72,44.73,46.63,27.19
1657717028,40.00,39.00,7.72,44.73,46.63,27.19
1657717033,40.00,39.00,7.72,44.68,46.63,27.25
1657717038,40.00,39.00,7.75,44.68,46.63,27.25
1657717043,40.00,39.00,7.72,42.79,44.66,27.25
1657717048,39.00,39.00,7.75,42.79,44.66,27.25
1657717053,40.00,39.00,7.75,42.79,44.66,27.25
1657717058,40.00,39.00,7.72,42.79,44.66,27.25
1657717063,39.00,39.00,7.72,42.74,44.66,27.31
1657717068,39.00,40.00,7.69,42.74,44.66,27.31
1657717073,39.00,40.00,7.72,42.69,44.66,27.38
1657717078,39.00,40.00,7.75,42.69,44.66,27.38
1657717083,39.00,40.00,7.75,42.69,44.66,27.38
1657717084,39.00,40.00,7.72,42.69,44.66,27.38
1657717089,38.00,40.00,7.75,42.69,44.66,27.38
1657717094,38.00,40.00,7.69,42.69,44.66,27.38
1657717099,37.00,40.00,7.69,42.69,44.66,27.38
1657717104,37.00,40.00,7.69,42.69,44.66,27.38
1657717109,37.00,40.00,7.72,42.69,44.66,27.38
1657717114,37.00,40.00,7.75,42.74,44.66,27.31
1657717119,36.00,40.00,7.69,42.74,44.66,27.31
1657717124,36.00,41.00,7.69,40.85,42.68,27.31
1657717129,36.00,41.00,7.75,40.85,42.68,27.31
1657717134,36.00,41.00,7.72,40.85,42.68,27.31
1657717139,36.00,41.00,7.75,40.85,42.68,27.31
1657717144,36.00,41.00,7.72,40.85,42.68,27.31
1657717149,36.00,41.00,7.75,38.95,40.71,27.31
1657717150,36.00,41.00,7.75,38.91,40.71,27.38
1657717155,36.00,41.00,7.75,38.91,40.71,27.38
1657717160,36.00,41.00,7.75,38.91,40.71,27.38
1657717165,36.00,41.00,7.75,38.91,40.71,27.38
1657717170,36.00,41.00,7.78,38.91,40.71,27.38
1657717175,36.00,41.00,7.78,38.91,40.71,27.38
1657717180,36.00,41.00,7.78,38.95,40.71,27.31
1657717185,36.00,41.00,7.75,38.95,40.71,27.31
1657717190,36.00,41.00,7.78,38.95,40.71,27.31
1657717195,36.00,41.00,7.78,37.05,38.72,27.31
1657717200,36.00,41.00,7.72,11.91,12.45,27.31
1657717205,36.00,41.00,7.69,38.95,40.71,27.31
1657717210,36.00,41.00,7.64,38.95,40.71,27.31
1657717215,36.00,41.00,7.58,38.95,40.71,27.31
1657717215,36.00,41.00,7.56,38.91,40.71,27.38
1657717220,36.00,41.00,7.58,38.91,40.71,27.38
1657717225,35.00,41.00,7.61,38.91,40.71,27.38
1657717230,35.00,41.00,7.64,38.91,40.71,27.38
1657717235,35.00,41.00,7.67,38.91,40.71,27.38
1657717240,35.00,41.00,7.67,38.91,40.71,27.38
1657717245,35.00,41.00,7.64,38.91,40.71,27.38
1657717250,35.00,42.00,7.61,38.91,40.71,27.38
1657717255,35.00,42.00,7.67,38.91,40.71,27.38
1657717260,34.00,42.00,7.67,38.91,40.71,27.38
1657717265,34.00,42.00,7.75,38.91,40.71,27.38
1657717270,34.00,42.00,7.75,38.91,40.71,27.38
1657717275,34.00,42.00,7.75,37.01,38.72,27.38
1657717280,33.00,42.00,7.69,37.05,38.72,27.31
1657717285,33.00,42.00,7.69,37.05,38.72,27.31
1657717290,33.00,42.00,7.72,38.95,40.71,27.31
1657717295,32.00,42.00,7.72,38.95,40.71,27.31
1657717300,32.00,42.00,7.67,38.95,40.71,27.31
1657717305,32.00,43.00,7.64,37.05,38.72,27.31
1657717310,31.00,43.00,7.64,37.05,38.72,27.31
1657717315,31.00,43.00,7.64,37.05,38.72,27.31
1657717320,31.00,43.00,7.67,37.05,38.72,27.31
1657717325,31.00,43.00,7.64,25.55,26.71,27.31
1657717330,31.00,43.00,7.61,37.05,38.72,27.31
1657717335,31.00,43.00,7.64,37.05,38.72,27.31
1657717340,31.00,43.00,7.61,37.05,38.72,27.31
1657717345,30.00,43.00,7.58,38.91,40.71,27.38
1657717346,30.00,43.00,7.58,38.91,40.71,27.38
1657717351,30.00,43.00,7.56,37.01,38.72,27.38
1657717355,30.00,43.00,7.53,38.91,40.71,27.38
1657717360,30.00,43.00,7.47,38.86,40.71,27.44
1657717365,30.00,44.00,7.50,36.92,38.72,27.50
1657717370,30.00,44.00,7.53,36.88,38.72,27.56
1657717375,29.00,44.00,7.53,36.88,38.72,27.56
1657717381,29.00,44.00,7.53,38.77,40.71,27.56
1657717386,28.00,44.00,7.50,38.82,40.71,27.50
1657717391,28.00,44.00,7.50,38.82,40.71,27.50
1657717396,28.00,44.00,7.53,38.77,40.71,27.56
1657717401,27.00,44.00,7.53,38.77,40.71,27.56
1657717406,27.00,44.00,7.50,38.77,40.71,27.56
1657717411,27.00,45.00,7.50,38.82,40.71,27.50
1657717412,27.00,45.00,7.50,38.82,40.71,27.50
1657717417,27.00,45.00,7.53,38.82,40.71,27.50
1657717422,27.00,45.00,7.47,38.82,40.71,27.50
1657717426,27.00,45.00,7.50,38.82,40.71,27.50
1657717431,27.00,45.00,7.56,38.86,40.71,27.44
1657717436,26.00,45.00,7.61,38.86,40.71,27.44
1657717441,26.00,45.00,7.64,38.86,40.71,27.44
1657717446,26.00,45.00,7.61,38.86,40.71,27.44
1657717451,26.00,45.00,7.61,38.86,40.71,27.44
1657717456,26.00,45.00,7.61,38.91,40.71,27.38
1657717461,26.00,45.00,7.61,38.91,40.71,27.38
1657717466,25.00,45.00,7.61,38.91,40.71,27.38
1657717471,25.00,45.00,7.61,40.80,42.68,27.38
1657717476,25.00,45.00,7.61,38.91,40.71,27.38
1657717478,25.00,45.00,7.61,38.91,40.71,27.38
1657717483,25.00,45.00,7.61,38.86,40.71,27.44
1657717488,25.00,45.00,7.64,19.71,20.64,27.38
1657717492,25.00,45.00,7.61,38.91,40.71,27.38
1657717497,25.00,45.00,7.64,38.91,40.71,27.38
1657717502,25.00,45.00,7.67,40.75,42.68,27.44
1657717507,24.00,46.00,7.67,40.75,42.68,27.44
1657717512,24.00,46.00,7.67,40.75,42.68,27.44
1657717517,23.00,46.00,7.64,40.75,42.68,27.44
1657717522,22.00,46.00,7.64,40.75,42.68,27.44
1657717527,22.00,46.00,7.64,11.86,12.45,27.50
1657717532,22.00,46.00,7.67,36.88,38.72,27.56
1657717537,22.00,46.00,7.67,13.81,14.51,27.56
1657717543,22.00,46.00,7.61,25.40,26.71,27.63
1657717548,22.00,46.00,7.61,15.72,16.55,27.69
1657717553,22.00,46.00,7.58,38.68,40.71,27.69
1657717558,22.00,46.00,7.56,38.68,40.71,27.69
1657717563,22.00,46.00,7.53,25.37,26.71,27.69
1657717568,22.00,46.00,7.56,31.11,32.74,27.69
1657717573,22.00,46.00,7.53,33.01,34.74,27.69
1657717578,22.00,46.00,7.67,40.52,42.68,27.75
1657717583,22.00,46.00,8.02,38.68,40.71,27.69
1657717588,21.00,46.00,7.86,38.68,40.71,27.69
1657717593,21.00,46.00,7.58,40.57,42.68,27.69
1657717598,21.00,46.00,7.56,40.57,42.68,27.69
1657717603,22.00,46.00,7.58,40.57,42.68,27.69
1657717608,21.00,46.00,7.58,40.57,42.68,27.69
1657717609,21.00,46.00,7.58,40.57,42.68,27.69
1657717614,22.00,46.00,7.61,38.68,40.71,27.69
1657717619,22.00,46.00,7.58,38.68,40.71,27.69
1657717624,22.00,46.00,7.61,38.68,40.71,27.69
1657717629,21.00,46.00,7.56,40.61,42.68,27.63
1657717634,22.00,46.00,7.56,38.77,40.71,27.56
1657717639,22.00,46.00,7.58,38.82,40.71,27.50
1657717644,22.00,46.00,7.56,36.92,38.72,27.50
1657717649,23.00,45.00,7.53,36.97,38.72,27.44
1657717654,23.00,45.00,7.56,36.97,38.72,27.44
1657717659,23.00,45.00,7.53,36.84,38.72,27.63
1657717664,24.00,45.00,7.53,36.80,38.72,27.69
1657717669,25.00,45.00,7.53,36.75,38.72,27.75
1657717674,25.00,45.00,7.56,36.71,38.72,27.81
1657717675,25.00,45.00,7.58,36.71,38.72,27.81
1657717680,25.00,45.00,7.58,36.71,38.72,27.81
1657717685,25.00,45.00,7.39,36.67,38.72,27.88
1657717690,25.00,45.00,7.42,38.59,40.71,27.81
1657717695,25.00,45.00,7.50,38.59,40.71,27.81
1657717700,25.00,45.00,7.56,38.59,40.71,27.81
1657717705,25.00,44.00,7.56,38.64,40.71,27.75
1657717710,25.00,44.00,7.58,38.68,40.71,27.69
1657717715,25.00,44.00,7.56,38.73,40.71,27.63
1657717720,25.00,44.00,7.53,38.77,40.71,27.56
1657717725,25.00,44.00,7.50,38.77,40.71,27.56
1657717730,26.00,44.00,7.50,38.82,40.71,27.50
1657717735,26.00,44.00,7.53,38.82,40.71,27.50
1657717740,26.00,44.00,7.56,38.82,40.71,27.50
1657717740,26.00,44.00,7.53,38.82,40.71,27.50
1657717745,26.00,44.00,7.53,40.71,42.68,27.50
1657717750,26.00,44.00,7.56,40.66,42.68,27.56
1657717755,27.00,44.00,7.56,40.71,42.68,27.50
1657717760,27.00,44.00,7.58,40.71,42.68,27.50
1657717765,27.00,43.00,7.58,40.71,42.68,27.50
1657717770,27.00,43.00,7.61,40.75,42.68,27.44
1657717776,27.00,43.00,7.58,40.75,42.68,27.44
1657717781,27.00,43.00,7.61,40.75,42.68,27.44
1657717786,28.00,43.00,7.61,40.75,42.68,27.44
1657717791,28.00,43.00,7.61,40.80,42.68,27.38
1657717796,28.00,43.00,7.61,40.80,42.68,27.38
1657717801,29.00,42.00,7.61,40.80,42.68,27.38
1657717805,29.00,42.00,7.58,40.80,42.68,27.38
1657717810,29.00,42.00,7.56,40.80,42.68,27.38
1657717815,30.00,42.00,7.58,40.75,42.68,27.44
1657717820,30.00,42.00,7.56,40.71,42.68,27.50
1657717825,30.00,42.00,7.58,40.71,42.68,27.50
1657717830,31.00,42.00,7.58,40.71,42.68,27.50
1657717835,31.00,42.00,7.61,40.71,42.68,27.50
1657717840,31.00,41.00,7.56,40.71,42.68,27.50
1657717845,31.00,41.00,7.61,40.71,42.68,27.50
1657717850,31.00,41.00,7.61,40.71,42.68,27.50
1657717855,32.00,41.00,7.64,40.71,42.68,27.50
1657717860,32.00,41.00,7.64,38.82,40.71,27.50
1657717865,32.00,41.00,7.61,40.71,42.68,27.50
1657717870,32.00,41.00,7.64,40.71,42.68,27.50
1657717871,32.00,41.00,7.64,40.71,42.68,27.50
1657717876,32.00,41.00,7.61,40.71,42.68,27.50
1657717881,33.00,41.00,7.61,40.71,42.68,27.50
1657717886,33.00,41.00,7.58,40.66,42.68,27.56
1657717891,33.00,41.00,7.61,40.66,42.68,27.56
1657717896,33.00,41.00,7.61,40.66,42.68,27.56
1657717901,33.00,41.00,7.61,40.66,42.68,27.56
1657717906,33.00,41.00,7.61,40.66,42.68,27.56
1657717911,33.00,41.00,7.61,40.66,42.68,27.56
1657717916,33.00,41.00,7.61,40.71,42.68,27.50
1657717921,33.00,41.00,7.61,40.66,42.68,27.56
1657717926,33.00,41.00,7.61,40.66,42.68,27.56
1657717931,34.00,41.00,7.58,40.66,42.68,27.56
1657717936,34.00,40.00,7.61,40.66,42.68,27.56
1657717937,34.00,40.00,7.58,40.61,42.68,27.63
1657717942,34.00,40.00,7.58,42.49,44.66,27.63
1657717947,34.00,40.00,7.64,42.49,44.66,27.63
1657717952,34.00,40.00,7.61,40.61,42.68,27.63
1657717957,34.00,40.00,7.67,40.61,42.68,27.63
1657717962,35.00,40.00,7.67,40.57,42.68,27.69
1657717967,35.00,40.00,7.64,40.61,42.68,27.63
1657717972,36.00,40.00,7.67,40.57,42.68,27.69
1657717977,36.00,40.00,7.67,44.42,46.63,27.56
1657717982,36.00,40.00,7.69,7.95,8.32,27.38
1657717987,36.00,40.00,7.67,40.75,42.68,27.44
1657717992,37.00,39.00,7.64,42.49,44.66,27.63
1657717997,37.00,39.00,7.64,42.44,44.66,27.69
1657718002,37.00,39.00,7.61,42.44,44.66,27.69
1657718003,37.00,39.00,7.58,42.44,44.66,27.69
1657718008,38.00,39.00,7.61,42.39,44.66,27.75
1657718013,39.00,39.00,7.61,42.39,44.66,27.75
1657718018,39.00,39.00,7.64,33.05,34.74,27.63
1657718023,39.00,39.00,7.61,42.44,44.66,27.69
1657718028,40.00,39.00,7.64,42.44,44.66,27.69
1657718033,40.00,39.00,7.64,42.44,44.66,27.69
1657718038,40.00,39.00,7.61,42.44,44.66,27.69
1657718043,40.00,39.00,7.61,42.44,44.66,27.69
1657718048,41.00,39.00,7.61,42.44,44.66,27.69
1657718053,41.00,38.00,7.61,42.39,44.66,27.75
1657718058,41.00,38.00,7.58,42.39,44.66,27.75
1657718063,41.00,38.00,7.64,23.43,24.69,27.75
1657718068,41.00,38.00,7.64,27.26,28.73,27.75
1657718073,41.00,38.00,7.67,36.75,38.72,27.75
1657718078,42.00,38.00,7.64,25.34,26.71,27.75
1657718083,42.00,38.00,7.64,9.85,10.39,27.75
1657718088,42.00,38.00,7.64,38.59,40.71,27.81
1657718093,42.00,38.00,7.64,38.59,40.71,27.81
1657718098,42.00,38.00,7.64,40.47,42.68,27.81
1657718103,43.00,38.00,7.64,32.89,34.74,27.88
1657718108,43.00,38.00,7.61,42.30,44.66,27.88
1657718113,43.00,38.00,7.64,44.16,46.63,27.88
1657718118,44.00,38.00,7.64,44.16,46.63,27.88
1657718123,44.00,38.00,7.67,44.21,46.63,27.81
1657718128,44.00,38.00,7.64,44.21,46.63,27.81
1657718133,45.00,37.00,7.67,44.21,46.63,27.81
1657718134,45.00,37.00,7.69,44.21,46.63,27.81
1657718139,45.00,37.00,7.64,44.21,46.63,27.81
1657718143,45.00,37.00,7.67,44.21,46.63,27.81
1657718148,45.00,37.00,7.67,44.21,46.63,27.81
1657718153,46.00,37.00,7.64,44.21,46.63,27.81
1657718158,46.00,37.00,7.64,44.21,46.63,27.81
1657718163,47.00,37.00,7.61,44.21,46.63,27.81
1657718168,47.00,37.00,7.64,44.21,46.63,27.81
1657718173,47.00,37.00,7.67,44.21,46.63,27.81
1657718178,47.00,37.00,7.64,44.21,46.63,27.81
1657718183,48.00,37.00,7.67,44.21,46.63,27.81
1657718188,48.00,37.00,7.64,19.55,20.64,27.81
1657718193,48.00,37.00,7.67,40.47,42.68,27.81
1657718198,48.00,36.00,7.67,13.74,14.51,27.81
1657718200,48.00,36.00,7.69,13.74,14.51,27.81
1657718205,48.00,36.00,7.67,44.21,46.63,27.81
1657718210,48.00,36.00,7.67,46.13,48.59,27.75
1657718215,49.00,36.00,7.67,46.08,48.59,27.81
1657718220,49.00,36.00,7.69,46.13,48.59,27.75
1657718225,49.00,36.00,7.69,47.99,50.55,27.75
1657718230,49.00,36.00,7.69,46.13,48.59,27.75
1657718235,50.00,36.00,7.69,46.18,48.59,27.69
1657718240,50.00,36.00,7.69,46.24,48.59,27.63
1657718245,50.00,36.00,7.69,46.29,48.59,27.56
1657718250,51.00,36.00,7.67,46.40,48.59,27.44
1657718255,51.00,36.00,7.69,46.45,48.59,27.38
1657718260,51.00,36.00,7.67,46.40,48.59,27.44
1657718265,51.00,35.00,7.67,46.29,48.59,27.56
1657718266,51.00,35.00,7.69,46.24,48.59,27.63
1657718271,52.00,35.00,7.67,46.18,48.59,27.69
1657718276,52.00,35.00,7.67,46.13,48.59,27.75
1657718281,52.00,35.00,7.69,46.13,48.59,27.75
1657718286,52.00,35.00,7.67,46.18,48.59,27.69
1657718291,52.00,35.00,7.69,46.18,48.59,27.69
1657718296,53.00,35.00,7.69,38.68,40.71,27.69
1657718301,53.00,35.00,7.69,21.50,22.67,27.75
1657718306,53.00,35.00,7.69,23.45,24.69,27.69
1657718311,53.00,35.00,7.67,23.45,24.69,27.69
1657718316,54.00,35.00,7.67,38.64,40.71,27.75
1657718321,54.00,35.00,7.69,31.07,32.74,27.75
1657718326,54.00,35.00,7.69,15.70,16.55,27.75
1657718330,54.00,35.00,7.67,11.81,12.45,27.75
1657718335,54.00,35.00,7.67,31.11,32.74,27.69
1657718340,54.00,35.00,7.69,44.37,46.63,27.63
1657718345,54.00,34.00,7.67,44.37,46.63,27.63
1657718350,55.00,34.00,7.67,46.24,48.59,27.63
1657718355,55.00,34.00,7.67,48.10,50.55,27.63
1657718360,55.00,34.00,7.67,48.10,50.55,27.63
1657718365,55.00,34.00,7.69,48.05,50.55,27.69
1657718371,55.00,34.00,7.69,47.99,50.55,27.75
1657718376,55.00,34.00,7.69,47.94,50.55,27.81
1657718381,56.00,34.00,7.69,47.94,50.55,27.81
1657718386,56.00,34.00,7.67,47.94,50.55,27.81
1657718391,56.00,34.00,7.67,47.94,50.55,27.81
1657718396,57.00,34.00,7.69,47.99,50.55,27.75
1657718396,57.00,34.00,7.67,47.94,50.55,27.81
1657718401,57.00,34.00,7.67,46.08,48.59,27.81
1657718406,57.00,34.00,7.67,47.94,50.55,27.81
1657718411,57.00,34.00,7.69,47.99,50.55,27.75
1657718416,57.00,34.00,7.69,47.99,50.55,27.75
1657718421,57.00,34.00,7.69,48.05,50.55,27.69
1657718426,57.00,34.00,7.67,48.10,50.55,27.63
1657718431,57.00,33.00,7.67,48.10,50.55,27.63
1657718436,57.00,33.00,7.69,46.24,48.59,27.63
1657718441,58.00,33.00,7.67,46.24,48.59,27.63
1657718446,58.00,33.00,7.69,48.16,50.55,27.56
1657718451,58.00,33.00,7.69,48.16,50.55,27.56
1657718456,58.00,33.00,7.69,48.10,50.55,27.63
1657718461,58.00,33.00,7.69,48.05,50.55,27.69
1657718462,58.00,33.00,7.67,48.05,50.55,27.69
1657718467,58.00,33.00,7.69,47.99,50.55,27.75
1657718472,58.00,33.00,7.69,49.79,52.50,27.81
1657718477,59.00,33.00,7.69,47.99,50.55,27.75
1657718482,59.00,33.00,7.69,47.99,50.55,27.75
1657718487,59.00,33.00,7.69,47.94,50.55,27.81
1657718492,59.00,33.00,7.72,29.13,30.74,27.81
1657718497,59.00,33.00,7.69,49.79,52.50,27.81
1657718502,60.00,33.00,7.69,47.94,50.55,27.81
1657718507,60.00,33.00,7.72,42.30,44.66,27.88
1657718512,60.00,33.00,7.69,27.23,28.73,27.81
1657718517,60.00,33.00,7.72,11.79,12.45,27.81
1657718522,60.00,33.00,7.67,47.99,50.55,27.75
1657718527,60.00,33.00,7.69,3.96,4.17,27.75
1657718528,60.00,33.00,7.69,3.96,4.17,27.75
1657718532,60.00,33.00,7.72,21.53,22.67,27.69
1657718537,60.00,33.00,7.72,42.44,44.66,27.69
1657718542,60.00,33.00,7.69,25.37,26.71,27.69
1657718547,60.00,33.00,7.72,47.99,50.55,27.75
1657718552,60.00,33.00,7.69,47.99,50.55,27.75
1657718557,60.00,33.00,7.69,47.94,50.55,27.81
1657718562,60.00,33.00,7.72,49.79,52.50,27.81
1657718567,60.00,33.00,7.69,47.99,50.55,27.75
1657718572,60.00,33.00,7.72,47.99,50.55,27.75
1657718577,60.00,33.00,7.72,49.91,52.50,27.69
1657718582,60.00,33.00,7.72,49.91,52.50,27.69
1657718587,60.00,33.00,7.69,49.97,52.50,27.63
1657718593,60.00,33.00,7.69,48.10,50.55,27.63
1657718598,60.00,33.00,7.72,23.48,24.69,27.63
1657718603,60.00,33.00,7.69,46.24,48.59,27.63
1657718608,60.00,33.00,7.69,48.05,50.55,27.69
1657718613,60.00,33.00,7.67,21.53,22.67,27.69
1657718618,60.00,33.00,7.72,9.85,10.39,27.75
1657718623,60.00,33.00,7.69,13.76,14.51,27.75
1657718628,60.00,33.00,7.67,11.81,12.45,27.75
1657718633,60.00,33.00,7.72,25.32,26.71,27.81
1657718638,60.00,33.00,7.72,13.72,14.51,27.88
1657718643,59.00,33.00,7.69,17.58,18.60,27.94
1657718648,59.00,33.00,7.75,23.32,24.69,28.00
1657718653,59.00,33.00,7.72,42.25,44.66,27.94
1657718658,58.00,33.00,7.72,42.30,44.66,27.88
1657718659,58.00,33.00,7.75,42.30,44.66,27.88
1657718664,58.00,33.00,7.72,47.88,50.55,27.88
1657718668,58.00,33.00,7.72,49.79,52.50,27.81
1657718673,57.00,33.00,7.72,49.85,52.50,27.75
1657718678,57.00,33.00,7.69,47.99,50.55,27.75
1657718683,57.00,33.00,7.67,47.99,50.55,27.75
1657718688,57.00,33.00,7.69,47.99,50.55,27.75
1657718693,56.00,33.00,7.69,49.79,52.50,27.81
1657718698,56.00,33.00,7.72,49.79,52.50,27.81
1657718703,56.00,33.00,7.69,49.79,52.50,27.81
1657718708,56.00,33.00,7.69,49.79,52.50,27.81
1657718713,55.00,33.00,7.72,49.79,52.50,27.81
1657718718,55.00,33.00,7.72,49.79,52.50,27.81
1657718723,55.00,33.00,7.72,36.71,38.72,27.81
1657718725,55.00,33.00,7.69,19.55,20.64,27.81
1657718730,55.00,33.00,7.69,47.94,50.55,27.81
1657718735,55.00,33.00,7.69,47.94,50.55,27.81
1657718740,55.00,33.00,7.72,32.93,34.74,27.81
1657718745,55.00,34.00,7.69,42.35,44.66,27.81
1657718750,55.00,34.00,7.69,49.79,52.50,27.81
1657718755,54.00,34.00,7.69,46.08,48.59,27.81
1657718760,54.00,34.00,7.69,47.94,50.55,27.81
1657718765,54.00,34.00,7.69,49.79,52.50,27.81
1657718770,54.00,34.00,7.69,47.94,50.55,27.81
1657718775,54.00,34.00,7.69,47.99,50.55,27.75
1657718780,54.00,34.00,7.67,32.97,34.74,27.75
1657718785,54.00,34.00,7.69,15.70,16.55,27.75
1657718790,54.00,34.00,7.69,5.93,6.25,27.75
1657718791,54.00,34.00,7.72,5.93,6.25,27.75
1657718796,54.00,34.00,7.72,13.76,14.51,27.75
1657718801,54.00,34.00,7.69,11.81,12.45,27.75
1657718806,54.00,34.00,7.72,48.05,50.55,27.69
1657718811,54.00,34.00,7.72,48.05,50.55,27.69
1657718816,54.00,34.00,7.72,17.66,18.60,27.69
1657718821,54.00,34.00,7.72,3.97,4.17,27.63
1657718826,54.00,34.00,7.72,11.84,12.45,27.63
1657718831,54.00,34.00,7.72,31.18,32.74,27.56
1657718836,54.00,34.00,7.72,25.46,26.71,27.50
1657718841,54.00,34.00,7.75,21.58,22.67,27.56
1657718846,53.00,34.00,7.75,34.99,36.74,27.56
1657718851,52.00,34.00,7.72,40.61,42.68,27.63
1657718855,52.00,34.00,7.75,40.57,42.68,27.69
1657718861,52.00,34.00,7.72,40.52,42.68,27.75
1657718866,53.00,34.00,7.75,40.52,42.68,27.75
1657718871,53.00,34.00,7.75,46.08,48.59,27.81
1657718876,53.00,34.00,7.75,47.94,50.55,27.81
1657718881,53.00,34.00,7.75,47.94,50.55,27.81
1657718886,53.00,34.00,7.75,47.94,50.55,27.81
1657718891,52.00,34.00,7.75,47.99,50.55,27.75
1657718896,52.00,34.00,7.75,47.99,50.55,27.75
1657718901,52.00,34.00,7.75,46.24,48.59,27.63
1657718906,52.00,34.00,7.75,48.16,50.55,27.56
1657718911,51.00,35.00,7.75,42.54,44.66,27.56
1657718916,51.00,35.00,7.75,34.99,36.74,27.56
1657718921,51.00,35.00,7.75,46.29,48.59,27.56
1657718921,51.00,35.00,7.75,46.29,48.59,27.56
1657718926,51.00,35.00,7.75,46.29,48.59,27.56
1657718931,51.00,35.00,7.72,23.51,24.69,27.56
1657718936,51.00,35.00,7.75,25.43,26.71,27.56
1657718941,51.00,35.00,7.75,15.74,16.55,27.63
1657718946,51.00,35.00,7.75,27.32,28.73,27.63
1657718951,51.00,35.00,7.75,11.84,12.45,27.63
1657718956,50.00,35.00,7.72,15.74,16.55,27.63
1657718961,50.00,35.00,7.72,15.74,16.55,27.63
1657718966,51.00,34.00,7.75,19.60,20.64,27.69
1657718971,51.00,34.00,7.75,46.24,48.59,27.63
1657718976,51.00,34.00,7.72,27.29,28.73,27.69
1657718981,51.00,34.00,7.72,46.18,48.59,27.69
1657718986,51.00,34.00,7.72,44.27,46.63,27.75
1657718987,51.00,34.00,7.72,46.13,48.59,27.75
1657718992,51.00,34.00,7.75,46.13,48.59,27.75
1657718997,52.00,34.00,7.75,17.64,18.60,27.75
1657719002,52.00,34.00,7.75,17.66,18.60,27.69
1657719007,53.00,34.00,7.75,21.50,22.67,27.75
1657719012,53.00,34.00,7.75,40.52,42.68,27.75
1657719017,53.00,34.00,7.72,47.94,50.55,27.81
1657719022,53.00,34.00,7.75,47.94,50.55,27.81
1657719027,53.00,34.00,7.75,47.99,50.55,27.75
1657719032,54.00,34.00,7.75,47.99,50.55,27.75
1657719037,54.00,34.00,7.78,47.99,50.55,27.75
1657719042,54.00,34.00,7.75,31.07,32.74,27.75
1657719047,54.00,34.00,7.78,44.27,46.63,27.75
1657719052,54.00,34.00,7.75,29.17,30.74,27.75
1657719053,54.00,34.00,7.75,29.17,30.74,27.75
1657719058,54.00,34.00,7.72,46.13,48.59,27.75
1657719063,54.00,34.00,7.72,29.20,30.74,27.69
1657719068,55.00,34.00,7.75,46.18,48.59,27.69
1657719073,55.00,34.00,7.75,38.68,40.71,27.69
1657719078,55.00,34.00,7.78,13.76,14.51,27.75
1657719083,55.00,34.00,7.75,5.93,6.25,27.69
1657719088,55.00,34.00,7.75,11.82,12.45,27.69
1657719093,55.00,34.00,7.75,46.18,48.59,27.69
1657719098,55.00,34.00,7.75,47.99,50.55,27.75
1657719103,55.00,34.00,7.72,47.99,50.55,27.75
1657719108,55.00,34.00,7.75,47.99,50.55,27.75
1657719113,55.00,34.00,7.72,47.94,50.55,27.81
1657719118,55.00,34.00,7.75,44.16,46.63,27.88
1657719123,55.00,34.00,7.75,36.71,38.72,27.81
1657719128,55.00,34.00,7.75,44.16,46.63,27.88
1657719133,55.00,34.00,7.75,46.03,48.59,27.88
1657719138,55.00,34.00,7.78,47.88,50.55,27.88
1657719143,55.00,34.00,7.78,47.94,50.55,27.81
1657719148,54.00,34.00,7.78,47.94,50.55,27.81
1657719153,54.00,34.00,7.75,46.08,48.59,27.81
1657719158,53.00,34.00,7.78,47.94,50.55,27.81
1657719163,53.00,34.00,7.78,46.03,48.59,27.88
1657719168,53.00,34.00,7.75,44.21,46.63,27.81
1657719173,53.00,34.00,7.75,34.82,36.74,27.81
1657719178,53.00,34.00,7.78,47.94,50.55,27.81
1657719183,52.00,35.00,7.78,47.94,50.55,27.81
1657719184,52.00,35.00,7.78,47.94,50.55,27.81
1657719189,52.00,35.00,7.78,46.08,48.59,27.81
1657719193,52.00,35.00,7.78,46.08,48.59,27.81
1657719198,52.00,35.00,7.78,46.08,48.59,27.81
1657719203,52.00,35.00,7.78,11.79,12.45,27.81
1657719208,51.00,35.00,7.78,9.89,10.39,27.56
1657719213,51.00,35.00,7.78,11.88,12.45,27.44
1657719218,52.00,35.00,7.78,13.84,14.51,27.44
1657719223,52.00,35.00,7.80,29.30,30.74,27.50
1657719228,52.00,35.00,7.78,44.42,46.63,27.56
1657719233,52.00,35.00,7.78,44.42,46.63,27.56
1657719238,53.00,35.00,7.78,46.29,48.59,27.56
1657719243,53.00,35.00,7.78,48.05,50.55,27.69
1657719248,53.00,35.00,7.78,17.64,18.60,27.75
1657719250,53.00,35.00,7.78,25.34,26.71,27.75
1657719255,53.00,35.00,7.78,29.13,30.74,27.81
1657719260,53.00,35.00,7.78,29.17,30.74,27.75
1657719265,53.00,35.00,7.78,25.34,26.71,27.75
1657719270,54.00,35.00,7.78,27.26,28.73,27.75
1657719275,54.00,35.00,7.75,21.50,22.67,27.75
1657719280,54.00,35.00,7.78,36.75,38.72,27.75
1657719285,54.00,35.00,7.78,31.07,32.74,27.75
1657719290,54.00,35.00,7.78,44.21,46.63,27.81
1657719295,54.00,35.00,7.80,47.99,50.55,27.75
1657719300,54.00,35.00,7.78,46.18,48.59,27.69
1657719305,54.00,35.00,7.78,33.05,34.74,27.63
1657719310,54.00,35.00,7.75,31.11,32.74,27.69
1657719315,54.00,35.00,7.75,47.99,50.55,27.75
1657719316,55.00,35.00,7.78,47.99,50.55,27.75
1657719321,55.00,35.00,7.78,47.99,50.55,27.75
1657719326,55.00,34.00,7.78,48.05,50.55,27.69
1657719331,55.00,34.00,7.78,19.62,20.64,27.63
1657719336,55.00,34.00,7.80,27.29,28.73,27.69
1657719341,55.00,34.00,7.80,11.81,12.45,27.75
1657719346,55.00,34.00,7.80,11.79,12.45,27.81
1657719351,55.00,34.00,7.78,5.92,6.25,27.81
1657719356,55.00,34.00,7.78,13.72,14.51,27.88
1657719361,55.00,34.00,7.78,44.16,46.63,27.88
1657719366,55.00,35.00,7.78,21.45,22.67,27.88
1657719371,55.00,35.00,7.78,36.67,38.72,27.88
1657719376,55.00,35.00,7.78,46.08,48.59,27.81
1657719381,55.00,35.00,7.78,44.27,46.63,27.75
1657719386,55.00,35.00,7.78,11.81,12.45,27.75
1657719391,54.00,35.00,7.80,7.88,8.32,27.81
1657719396,54.00,35.00,7.78,13.72,14.51,27.88
1657719401,54.00,35.00,7.78,15.66,16.55,27.88
1657719406,53.00,35.00,7.78,17.60,18.60,27.88
1657719411,53.00,35.00,7.78,3.95,4.17,27.88
1657719416,53.00,35.00,7.80,9.83,10.39,27.88
1657719421,53.00,35.00,7.80,15.65,16.55,27.94
1657719426,52.00,36.00,7.80,9.82,10.39,27.94
1657719431,52.00,36.00,7.78,11.77,12.45,27.94
1657719436,52.00,36.00,7.75,5.91,6.25,27.94
1657719441,52.00,36.00,7.75,21.43,22.67,27.94
1657719446,52.00,36.00,7.75,5.91,6.25,27.94
1657719446,52.00,36.00,7.72,5.91,6.25,27.94
1657719451,51.00,36.00,7.72,15.65,16.55,27.94
1657719456,51.00,36.00,7.75,30.96,32.74,27.94
1657719461,51.00,36.00,7.78,42.25,44.66,27.94
1657719466,50.00,36.00,7.75,19.51,20.64,27.94
1657719471,50.00,36.00,7.75,42.30,44.66,27.88
1657719476,50.00,36.00,7.78,17.60,18.60,27.88
1657719481,50.00,36.00,7.78,42.30,44.66,27.88
1657719486,50.00,36.00,7.78,44.16,46.63,27.88
1657719491,49.00,37.00,7.78,44.16,46.63,27.88
1657719496,49.00,37.00,7.78,44.11,46.63,27.94
1657719501,49.00,37.00,7.80,44.11,46.63,27.94
1657719506,49.00,37.00,7.78,44.11,46.63,27.94
1657719511,49.00,37.00,7.75,44.11,46.63,27.94
1657719512,49.00,37.00,7.75,45.97,48.59,27.94
1657719517,49.00,37.00,7.75,44.16,46.63,27.88
1657719522,49.00,37.00,7.72,46.03,48.59,27.88
1657719527,48.00,37.00,7.69,46.03,48.59,27.88
1657719532,48.00,37.00,7.67,44.16,46.63,27.88
1657719537,48.00,37.00,7.72,44.21,46.63,27.81
1657719542,48.00,37.00,7.75,44.16,46.63,27.88
1657719547,48.00,37.00,7.72,46.08,48.59,27.81
1657719552,47.00,37.00,7.72,44.21,46.63,27.81
1657719557,47.00,37.00,7.72,46.08,48.59,27.81
1657719562,47.00,37.00,7.75,46.08,48.59,27.81
1657719567,47.00,37.00,7.75,46.08,48.59,27.81
1657719572,47.00,37.00,7.75,46.08,48.59,27.81
1657719577,46.00,37.00,7.75,46.03,48.59,27.88
1657719578,46.00,37.00,7.75,46.03,48.59,27.88
1657719583,46.00,37.00,7.72,46.08,48.59,27.81
1657719588,46.00,38.00,7.69,46.03,48.59,27.88
1657719593,46.00,38.00,7.72,23.40,24.69,27.81
1657719598,46.00,38.00,7.75,23.40,24.69,27.81
1657719603,46.00,38.00,7.75,19.55,20.64,27.81
1657719608,46.00,38.00,7.75,23.40,24.69,27.81
1657719613,46.00,38.00,7.72,23.40,24.69,27.81
1657719618,45.00,38.00,7.75,17.62,18.60,27.81
1657719623,45.00,38.00,7.75,17.62,18.60,27.81
1657719628,44.00,38.00,7.75,17.62,18.60,27.81
1657719633,44.00,38.00,7.78,21.45,22.67,27.88
1657719638,44.00,39.00,7.78,11.78,12.45,27.88
1657719643,44.00,39.00,7.78,29.13,30.74,27.81
1657719648,43.00,39.00,7.75,17.62,18.60,27.81
1657719653,43.00,39.00,7.75,11.79,12.45,27.81
1657719658,43.00,39.00,7.78,29.13,30.74,27.81
1657719663,43.00,39.00,7.78,11.79,12.45,27.81
1657719668,43.00,38.00,7.75,19.57,20.64,27.75
1657719673,43.00,38.00,7.78,19.62,20.64,27.63
1657719678,44.00,38.00,7.78,46.18,48.59,27.69
1657719683,44.00,38.00,7.80,27.26,28.73,27.75
1657719688,44.00,38.00,7.78,40.47,42.68,27.81
1657719693,44.00,38.00,7.78,46.03,48.59,27.88
1657719698,44.00,38.00,7.78,27.20,28.73,27.88
1657719703,44.00,38.00,7.78,5.91,6.25,27.88
1657719708,45.00,38.00,7.75,11.78,12.45,27.88
1657719709,45.00,38.00,7.78,11.78,12.45,27.88
1657719714,45.00,38.00,7.75,27.20,28.73,27.88
1657719718,45.00,38.00,7.72,46.03,48.59,27.88
1657719723,45.00,38.00,7.72,45.97,48.59,27.94
1657719728,45.00,38.00,7.69,44.11,46.63,27.94
1657719733,46.00,38.00,7.72,44.16,46.63,27.88
1657719738,46.00,38.00,7.72,40.52,42.68,27.75
1657719743,46.00,38.00,7.72,38.68,40.71,27.69
1657719748,46.00,38.00,7.72,13.77,14.51,27.69
1657719753,46.00,38.00,7.72,42.35,44.66,27.81
1657719758,46.00,38.00,7.75,27.20,28.73,27.88
1657719763,46.00,38.00,7.78,42.25,44.66,27.94
1657719768,46.00,38.00,7.72,42.25,44.66,27.94
1657719773,46.00,38.00,7.75,34.78,36.74,27.88
1657719775,46.00,38.00,7.75,19.53,20.64,27.88
1657719780,46.00,38.00,7.75,42.35,44.66,27.81
1657719785,46.00,38.00,7.75,42.35,44.66,27.81
1657719790,46.00,38.00,7.75,42.35,44.66,27.81
1657719795,46.00,38.00,7.75,42.35,44.66,27.81
1657719800,46.00,38.00,7.75,42.35,44.66,27.81
1657719805,46.00,38.00,7.75,40.43,42.68,27.88
1657719810,46.00,38.00,7.75,40.43,42.68,27.88
1657719815,45.00,38.00,7.75,40.43,42.68,27.88
1657719820,45.00,38.00,7.75,40.43,42.68,27.88
1657719825,45.00,38.00,7.75,40.38,42.68,27.94
1657719830,44.00,38.00,7.75,40.38,42.68,27.94
1657719835,44.00,38.00,7.75,40.38,42.68,27.94
1657719840,44.00,38.00,7.75,40.38,42.68,27.94
1657719841,44.00,38.00,7.75,40.38,42.68,27.94
1657719846,44.00,38.00,7.75,38.51,40.71,27.94
1657719851,44.00,38.00,7.75,40.38,42.68,27.94
1657719856,44.00,38.00,7.78,40.38,42.68,27.94
1657719861,45.00,38.00,7.72,40.43,42.68,27.88
1657719866,45.00,38.00,7.72,40.38,42.68,27.94
1657719871,45.00,38.00,7.72,40.38,42.68,27.94
1657719876,45.00,38.00,7.72,40.43,42.68,27.88
1657719881,44.00,38.00,7.72,27.23,28.73,27.81
1657719886,44.00,38.00,7.69,40.47,42.68,27.81
1657719891,45.00,38.00,7.69,40.47,42.68,27.81
1657719896,45.00,38.00,7.72,11.79,12.45,27.81
1657719901,45.00,38.00,7.72,34.82,36.74,27.81
1657719906,45.00,38.00,7.72,21.45,22.67,27.88
1657719911,45.00,38.00,7.75,30.96,32.74,27.94
1657719916,45.00,38.00,7.72,42.25,44.66,27.94
1657719921,45.00,38.00,7.72,36.71,38.72,27.81
1657719926,45.00,38.00,7.72,34.82,36.74,27.81
1657719931,45.00,38.00,7.69,42.35,44.66,27.81
1657719936,45.00,37.00,7.69,42.39,44.66,27.75
1657719941,45.00,37.00,7.69,42.39,44.66,27.75
1657719946,45.00,37.00,7.72,42.39,44.66,27.75
1657719951,45.00,37.00,7.72,42.39,44.66,27.75
1657719956,46.00,37.00,7.72,42.35,44.66,27.81
1657719961,46.00,37.00,7.72,42.35,44.66,27.81
1657719966,46.00,37.00,7.75,44.21,46.63,27.81
1657719971,46.00,37.00,7.75,42.35,44.66,27.81
1657719971,46.00,37.00,7.72,42.35,44.66,27.81
1657719976,46.00,37.00,7.69,42.39,44.66,27.75
1657719981,46.00,37.00,7.69,42.44,44.66,27.69
1657719986,46.00,37.00,7.69,42.44,44.66,27.69
1657719991,46.00,37.00,7.72,42.44,44.66,27.69
1657719996,46.00,37.00,7.69,42.49,44.66,27.63
1657720001,46.00,37.00,7.67,40.66,42.68,27.56
1657720006,46.00,37.00,7.67,42.54,44.66,27.56
1657720011,46.00,37.00,7.67,44.47,46.63,27.50
1657720016,46.00,37.00,7.69,44.42,46.63,27.56
1657720021,46.00,37.00,7.69,44.42,46.63,27.56
1657720026,46.00,37.00,7.69,44.42,46.63,27.56
1657720031,46.00,37.00,7.69,42.54,44.66,27.56
1657720036,46.00,37.00,7.69,3.97,4.17,27.56
1657720037,46.00,37.00,7.67,3.97,4.17,27.56
1657720042,47.00,37.00,7.69,5.95,6.25,27.56
1657720047,47.00,37.00,7.67,13.81,14.51,27.56
1657720052,47.00,37.00,7.69,9.89,10.39,27.56
1657720057,47.00,37.00,7.67,23.51,24.69,27.56
1657720062,48.00,37.00,7.67,31.18,32.74,27.56
1657720067,48.00,37.00,7.67,44.42,46.63,27.56
1657720072,48.00,37.00,7.69,42.49,44.66,27.63
1657720077,48.00,37.00,7.67,44.37,46.63,27.63
1657720082,49.00,36.00,7.69,44.37,46.63,27.63
1657720087,49.00,36.00,7.72,44.32,46.63,27.69
1657720092,49.00,36.00,7.72,44.27,46.63,27.75
1657720097,49.00,36.00,7.69,44.27,46.63,27.75
1657720102,49.00,36.00,7.69,42.35,44.66,27.81
1657720103,49.00,36.00,7.72,42.35,44.66,27.81
1657720108,49.00,36.00,7.72,11.79,12.45,27.81
1657720113,50.00,36.00,7.69,13.74,14.51,27.81
1657720118,50.00,36.00,7.72,0.00,0.00,27.81
1657720123,50.00,36.00,7.72,19.60,20.64,27.69
1657720128,51.00,36.00,7.75,21.53,22.67,27.69
1657720133,51.00,36.00,7.69,19.57,20.64,27.75
1657720138,51.00,36.00,7.69,38.59,40.71,27.81
1657720143,51.00,36.00,7.72,46.03,48.59,27.88
1657720148,51.00,36.00,7.72,44.11,46.63,27.94
1657720153,51.00,36.00,7.72,45.92,48.59,28.00
1657720158,51.00,36.00,7.75,42.15,44.66,28.06
1657720163,52.00,36.00,7.72,45.87,48.59,28.06
1657720168,52.00,36.00,7.72,45.92,48.59,28.00
1657720173,52.00,35.00,7.72,32.82,34.74,28.00
1657720178,52.00,35.00,7.75,29.03,30.74,28.00
1657720183,52.00,35.00,7.75,32.82,34.74,28.00
1657720188,52.00,35.00,7.75,25.23,26.71,28.00
1657720193,52.00,35.00,7.75,45.92,48.59,28.00
1657720198,52.00,35.00,7.75,40.33,42.68,28.00
1657720203,52.00,35.00,7.75,15.61,16.55,28.06
1657720208,52.00,35.00,7.78,13.68,14.51,28.06
1657720213,53.00,35.00,7.78,45.87,48.59,28.06
1657720218,53.00,35.00,7.78,45.82,48.59,28.13
1657720223,53.00,35.00,7.75,45.82,48.59,28.13
1657720228,53.00,35.00,7.75,45.82,48.59,28.13
1657720233,53.00,35.00,7.78,11.72,12.45,28.13
1657720234,53.00,35.00,7.75,11.74,12.45,28.06
1657720239,53.00,35.00,7.78,27.10,28.73,28.06
1657720243,53.00,35.00,7.78,45.87,48.59,28.06
1657720248,53.00,35.00,7.75,45.92,48.59,28.00
1657720253,53.00,35.00,7.75,45.92,48.59,28.00
1657720258,53.00,35.00,7.78,45.92,48.59,28.00
1657720263,53.00,35.00,7.75,45.92,48.59,28.00
1657720268,53.00,35.00,7.78,45.92,48.59,28.00
1657720273,54.00,35.00,7.78,45.92,48.59,28.00
1657720278,53.00,35.00,7.75,45.92,48.59,28.00
1657720283,54.00,35.00,7.75,45.92,48.59,28.00
1657720288,54.00,35.00,7.75,45.92,48.59,28.00
1657720293,54.00,35.00,7.75,47.77,50.55,28.00
1657720298,54.00,35.00,7.75,47.77,50.55,28.00
1657720300,54.00,35.00,7.75,47.72,50.55,28.06
1657720305,54.00,34.00,7.75,45.92,48.59,28.00
1657720310,55.00,34.00,7.75,47.77,50.55,28.00
1657720315,55.00,34.00,7.75,47.77,50.55,28.00
1657720320,55.00,34.00,7.78,47.72,50.55,28.06
1657720325,55.00,34.00,7.75,47.72,50.55,28.06
1657720330,56.00,34.00,7.75,47.72,50.55,28.06
1657720335,56.00,34.00,7.75,45.87,48.59,28.06
1657720340,56.00,34.00,7.75,45.87,48.59,28.06
1657720345,56.00,34.00,7.78,34.66,36.74,28.06
1657720350,56.00,34.00,7.78,32.78,34.74,28.06
1657720355,56.00,34.00,7.75,45.92,48.59,28.00
1657720360,56.00,34.00,7.75,45.92,48.59,28.00
1657720365,56.00,34.00,7.75,45.97,48.59,27.94
1657720366,56.00,34.00,7.78,47.83,50.55,27.94
1657720371,56.00,34.00,7.78,42.30,44.66,27.88
1657720376,56.00,34.00,7.78,34.74,36.74,27.94
1657720381,55.00,34.00,7.78,34.74,36.74,27.94
1657720386,55.00,34.00,7.75,29.07,30.74,27.94
1657720391,55.00,34.00,7.78,36.59,38.72,28.00
1657720396,55.00,34.00,7.75,19.51,20.64,27.94
1657720401,55.00,34.00,7.78,23.34,24.69,27.94
1657720406,56.00,34.00,7.75,23.34,24.69,27.94
1657720411,56.00,34.00,7.75,27.13,28.73,28.00
1657720416,56.00,34.00,7.75,19.46,20.64,28.06
1657720421,56.00,34.00,7.72,23.29,24.69,28.06
1657720426,55.00,34.00,7.72,27.10,28.73,28.06
1657720431,55.00,34.00,7.78,13.68,14.51,28.06
1657720436,55.00,34.00,7.75,13.69,14.51,28.00
1657720441,55.00,34.00,7.75,3.93,4.17,28.06
1657720446,55.00,34.00,7.72,38.42,40.71,28.06
1657720451,55.00,34.00,7.75,42.15,44.66,28.06
1657720456,55.00,34.00,7.72,23.29,24.69,28.06
1657720461,55.00,34.00,7.72,30.89,32.74,28.06
1657720466,55.00,34.00,7.75,23.29,24.69,28.06
1657720471,55.00,34.00,7.75,45.92,48.59,28.00
1657720476,55.00,34.00,7.75,45.87,48.59,28.06
1657720481,56.00,33.00,7.75,27.13,28.73,28.00
1657720486,56.00,33.00,7.75,11.74,12.45,28.06
1657720491,56.00,33.00,7.75,19.46,20.64,28.06
1657720496,56.00,33.00,7.75,47.77,50.55,28.00
1657720496,56.00,33.00,7.72,47.77,50.55,28.00
1657720501,56.00,33.00,7.75,47.72,50.55,28.06
1657720506,56.00,33.00,7.75,47.72,50.55,28.06
1657720511,56.00,33.00,7.75,47.72,50.55,28.06
1657720516,56.00,33.00,7.75,47.67,50.55,28.13
1657720521,56.00,33.00,7.75,47.67,50.55,28.13
1657720526,56.00,33.00,7.75,47.67,50.55,28.13
1657720531,56.00,33.00,7.75,47.67,50.55,28.13
1657720536,56.00,33.00,7.75,47.72,50.55,28.06
1657720541,56.00,33.00,7.75,47.72,50.55,28.06
1657720546,56.00,33.00,7.75,47.72,50.55,28.06
1657720551,56.00,33.00,7.75,47.72,50.55,28.06
1657720556,56.00,33.00,7.75,47.72,50.55,28.06
1657720561,56.00,33.00,7.75,47.77,50.55,28.00
1657720562,56.00,33.00,7.72,47.77,50.55,28.00
1657720567,56.00,33.00,7.69,47.83,50.55,27.94
1657720572,57.00,33.00,7.72,47.83,50.55,27.94
1657720577,57.00,33.00,7.72,23.32,24.69,28.00
1657720582,57.00,33.00,7.75,47.72,50.55,28.06
1657720587,57.00,33.00,7.72,23.29,24.69,28.06
1657720592,57.00,33.00,7.72,32.78,34.74,28.06
1657720597,57.00,33.00,7.75,25.20,26.71,28.06
1657720602,57.00,33.00,7.75,13.69,14.51,28.00
1657720607,57.00,33.00,7.72,25.23,26.71,28.00
1657720612,57.00,33.00,7.72,32.86,34.74,27.94
1657720617,57.00,33.00,7.75,42.30,44.66,27.88
1657720622,57.00,33.00,7.75,44.16,46.63,27.88
1657720627,57.00,33.00,7.75,47.88,50.55,27.88
1657720628,57.00,33.00,7.75,47.88,50.55,27.88
1657720633,57.00,33.00,7.72,47.88,50.55,27.88
1657720638,57.00,33.00,7.75,47.88,50.55,27.88
1657720643,58.00,33.00,7.75,47.88,50.55,27.88
1657720648,58.00,33.00,7.72,47.83,50.55,27.94
1657720653,58.00,33.00,7.72,47.83,50.55,27.94
1657720658,58.00,33.00,7.75,47.83,50.55,27.94
1657720663,58.00,33.00,7.75,47.83,50.55,27.94
1657720668,58.00,33.00,7.75,47.83,50.55,27.94
1657720673,58.00,33.00,7.72,47.83,50.55,27.94
1657720678,58.00,33.00,7.75,47.83,50.55,27.94
1657720683,58.00,32.00,7.72,49.68,52.50,27.94
1657720688,58.00,32.00,7.75,47.77,50.55,28.00
1657720693,58.00,32.00,7.72,47.77,50.55,28.00
1657720698,58.00,32.00,7.75,47.77,50.55,28.00
1657720703,58.00,32.00,7.75,49.62,52.50,28.00
1657720708,58.00,32.00,7.72,47.77,50.55,28.00
1657720713,58.00,32.00,7.72,47.83,50.55,27.94
1657720718,59.00,32.00,7.72,49.68,52.50,27.94
1657720723,59.00,32.00,7.75,49.68,52.50,27.94
1657720728,59.00,32.00,7.72,49.68,52.50,27.94
1657720733,60.00,32.00,7.75,49.68,52.50,27.94
1657720738,60.00,32.00,7.72,49.68,52.50,27.94
1657720743,61.00,32.00,7.72,49.68,52.50,27.94
1657720748,61.00,32.00,7.75,49.62,52.50,28.00
1657720753,61.00,32.00,7.72,49.62,52.50,28.00
1657720758,61.00,32.00,7.72,49.62,52.50,28.00
1657720759,61.00,32.00,7.75,49.62,52.50,28.00
1657720764,61.00,32.00,7.72,49.62,52.50,28.00
1657720768,61.00,32.00,7.75,49.62,52.50,28.00
1657720773,61.00,32.00,7.75,49.62,52.50,28.00
1657720778,61.00,32.00,7.75,49.62,52.50,28.00
1657720783,61.00,32.00,7.75,49.62,52.50,28.00
1657720788,61.00,31.00,7.75,49.57,52.50,28.06
1657720793,61.00,31.00,7.75,49.57,52.50,28.06
1657720798,61.00,31.00,7.72,49.57,52.50,28.06
1657720803,61.00,32.00,7.75,49.62,52.50,28.00
1657720808,61.00,32.00,7.69,49.62,52.50,28.00
1657720813,61.00,32.00,7.75,49.57,52.50,28.06
1657720818,61.00,32.00,7.72,49.57,52.50,28.06
1657720823,61.00,32.00,7.75,49.62,52.50,28.00
1657720825,61.00,32.00,7.72,49.62,52.50,28.00
1657720830,61.00,32.00,7.72,49.62,52.50,28.00
1657720835,60.00,32.00,7.75,49.57,52.50,28.06
1657720840,60.00,32.00,7.72,49.57,52.50,28.06
1657720845,59.00,33.00,7.69,47.72,50.55,28.06
1657720850,59.00,33.00,7.69,47.72,50.55,28.06
1657720855,58.00,33.00,7.75,47.77,50.55,28.00
1657720860,57.00,33.00,7.75,47.72,50.55,28.06
1657720865,56.00,34.00,7.72,47.72,50.55,28.06
1657720870,55.00,34.00,7.75,47.77,50.55,28.00
1657720875,54.00,34.00,7.75,47.77,50.55,28.00
1657720880,53.00,35.00,7.75,13.69,14.51,28.00
1657720885,52.00,35.00,7.72,38.46,40.71,28.00
1657720890,51.00,35.00,7.72,47.77,50.55,28.00
1657720891,50.00,35.00,7.75,47.72,50.55,28.06
1657720896,50.00,35.00,7.72,47.72,50.55,28.06
1657720901,49.00,36.00,7.75,47.72,50.55,28.06
1657720906,48.00,36.00,7.72,47.67,50.55,28.13
1657720911,47.00,36.00,7.75,47.72,50.55,28.06
1657720916,46.00,36.00,7.72,47.72,50.55,28.06
1657720921,45.00,37.00,7.75,47.67,50.55,28.13
1657720926,45.00,37.00,7.72,47.67,50.55,28.13
1657720931,44.00,37.00,7.75,47.67,50.55,28.13
1657720936,43.00,37.00,7.72,47.67,50.55,28.13
1657720941,43.00,37.00,7.75,45.82,48.59,28.13
1657720946,42.00,37.00,7.75,45.82,48.59,28.13
1657720951,41.00,38.00,7.75,47.67,50.55,28.13
1657720956,41.00,38.00,7.75,43.96,46.63,28.13
1657720961,41.00,38.00,7.75,40.24,42.68,28.13
1657720966,41.00,38.00,7.75,47.67,50.55,28.13
1657720971,41.00,38.00,7.75,47.67,50.55,28.13
1657720976,40.00,38.00,7.78,45.87,48.59,28.06
1657720981,40.00,38.00,7.75,47.72,50.55,28.06
1657720986,40.00,38.00,7.75,47.72,50.55,28.06
1657720991,40.00,38.00,7.75,47.72,50.55,28.06
1657720996,40.00,38.00,7.75,40.33,42.68,28.00
1657721001,40.00,38.00,7.75,47.77,50.55,28.00
1657721006,40.00,38.00,7.75,45.92,48.59,28.00
1657721011,40.00,38.00,7.75,47.83,50.55,27.94
1657721016,40.00,38.00,7.75,47.83,50.55,27.94
1657721021,39.00,38.00,7.75,47.83,50.55,27.94
1657721022,39.00,39.00,7.75,45.97,48.59,27.94
1657721027,39.00,39.00,7.75,45.97,48.59,27.94
1657721031,39.00,39.00,7.75,45.92,48.59,28.00
1657721036,38.00,39.00,7.75,45.97,48.59,27.94
1657721041,38.00,39.00,7.75,45.97,48.59,27.94
1657721046,37.00,39.00,7.75,46.03,48.59,27.88
1657721051,37.00,39.00,7.72,46.03,48.59,27.88
1657721056,37.00,39.00,7.75,45.97,48.59,27.94
1657721061,37.00,39.00,7.75,46.03,48.59,27.88
1657721066,36.00,39.00,7.75,46.08,48.59,27.81
1657721071,36.00,40.00,7.75,46.03,48.59,27.88
1657721076,36.00,40.00,7.75,45.97,48.59,27.94
1657721081,36.00,40.00,7.75,45.92,48.59,28.00
1657721086,36.00,40.00,7.75,45.92,48.59,28.00
1657721087,36.00,40.00,7.75,45.92,48.59,28.00
1657721092,36.00,40.00,7.75,44.16,46.63,27.88
1657721097,36.00,40.00,7.72,46.08,48.59,27.81
1657721102,36.00,40.00,7.75,45.97,48.59,27.94
1657721107,35.00,40.00,7.75,45.92,48.59,28.00
1657721112,35.00,40.00,7.75,45.92,48.59,28.00
1657721117,34.00,40.00,7.75,45.97,48.59,27.94
1657721122,34.00,40.00,7.75,45.97,48.59,27.94
1657721127,34.00,40.00,7.72,46.03,48.59,27.88
1657721132,34.00,41.00,7.75,46.03,48.59,27.88
1657721137,34.00,41.00,7.75,45.97,48.59,27.94
1657721142,34.00,41.00,7.75,45.92,48.59,28.00
1657721147,34.00,41.00,7.75,45.87,48.59,28.06
1657721152,34.00,40.00,7.72,45.87,48.59,28.06
1657721153,34.00,41.00,7.75,45.87,48.59,28.06
1657721158,34.00,40.00,7.72,45.87,48.59,28.06
1657721163,35.00,40.00,7.72,45.87,48.59,28.06
1657721168,35.00,40.00,7.67,45.97,48.59,27.94
1657721173,35.00,40.00,7.69,1.98,2.09,27.88
1657721178,35.00,40.00,7.67,0.00,0.00,27.81
1657721183,35.00,40.00,7.67,44.21,46.63,27.81
1657721188,36.00,40.00,7.67,46.03,48.59,27.88
1657721193,36.00,40.00,7.67,46.03,48.59,27.88
1657721198,37.00,40.00,7.67,42.35,44.66,27.81
1657721203,37.00,40.00,7.67,1.98,2.09,27.81
1657721208,37.00,39.00,7.67,3.96,4.17,27.75
1657721213,38.00,39.00,7.61,1.98,2.09,27.69
1657721218,38.00,39.00,7.61,59.07,62.19,27.75
1657721223,39.00,39.00,7.64,59.00,62.19,27.81
1657721228,39.00,39.00,7.64,59.00,62.19,27.81
